Job 35185872944143, Program [2 4 1 2 7 5 4 3 0 3 1 7 5 5 3 0], out [2 4 1 2 7 5 4 3 7 3 4 5 5 5 7 4], delta on 8
Job 35185873075215, Program [2 4 1 2 7 5 4 3 0 3 1 7 5 5 3 0], out [2 4 1 2 7 5 4 3 7 3 4 5 5 5 7 4], delta on 8
Job 35185899158543, Program [2 4 1 2 7 5 4 3 0 3 1 7 5 5 3 0], out [2 4 1 2 7 5 4 3 3 3 4 5 5 5 7 4], delta on 8
Job 35185900731407, Program [2 4 1 2 7 5 4 3 0 3 1 7 5 5 3 0], out [2 4 1 2 7 5 4 3 3 3 4 5 5 5 7 4], delta on 8
Job 35185907022863, Program [2 4 1 2 7 5 4 3 0 3 1 7 5 5 3 0], out [2 4 1 2 7 5 4 3 3 3 4 5 5 5 7 4], delta on 8
Job 35185939725327, Program [2 4 1 2 7 5 4 3 0 3 1 7 5 5 3 0], out [2 4 1 2 7 5 4 3 0 3 4 5 5 5 7 4], delta on 10
Job 35185939790863, Program [2 4 1 2 7 5 4 3 0 3 1 7 5 5 3 0], out [2 4 1 2 7 5 4 3 0 3 4 5 5 5 7 4], delta on 10
Job 35185939876785, Program [2 4 1 2 7 5 4 3 0 3 1 7 5 5 3 0], out [2 4 1 2 7 5 4 3 0 3 4 5 5 5 7 4], delta on 10
Job 35185939921935, Program [2 4 1 2 7 5 4 3 0 3 1 7 5 5 3 0], out [2 4 1 2 7 5 4 3 0 3 4 5 5 5 7 4], delta on 10
Job 35185966267407, Program [2 4 1 2 7 5 4 3 0 3 1 7 5 5 3 0], out [2 4 1 2 7 5 4 3 0 3 4 5 5 5 7 4], delta on 10
Job 35185967840271, Program [2 4 1 2 7 5 4 3 0 3 1 7 5 5 3 0], out [2 4 1 2 7 5 4 3 0 3 4 5 5 5 7 4], delta on 10
Job 35185969937423, Program [2 4 1 2 7 5 4 3 0 3 1 7 5 5 3 0], out [2 4 1 2 7 5 4 3 0 3 4 5 5 5 7 4], delta on 10
Job 35185974131727, Program [2 4 1 2 7 5 4 3 0 3 1 7 5 5 3 0], out [2 4 1 2 7 5 4 3 0 3 4 5 5 5 7 4], delta on 10
Job 35186013715471, Program [2 4 1 2 7 5 4 3 0 3 1 7 5 5 3 0], out [2 4 1 2 7 5 4 3 0 1 4 5 5 5 7 4], delta on 9
Job 35186033376271, Program [2 4 1 2 7 5 4 3 0 3 1 7 5 5 3 0], out [2 4 1 2 7 5 4 3 7 1 4 5 5 5 7 4], delta on 8
Job 35186034949135, Program [2 4 1 2 7 5 4 3 0 3 1 7 5 5 3 0], out [2 4 1 2 7 5 4 3 7 1 4 5 5 5 7 4], delta on 8
Job 35186041240591, Program [2 4 1 2 7 5 4 3 0 3 1 7 5 5 3 0], out [2 4 1 2 7 5 4 3 7 1 4 5 5 5 7 4], delta on 8
Job 35186073943055, Program [2 4 1 2 7 5 4 3 0 3 1 7 5 5 3 0], out [2 4 1 2 7 5 4 3 0 1 4 5 5 5 7 4], delta on 9
Job 35186074008591, Program [2 4 1 2 7 5 4 3 0 3 1 7 5 5 3 0], out [2 4 1 2 7 5 4 3 0 1 4 5 5 5 7 4], delta on 9
Job 35186074094513, Program [2 4 1 2 7 5 4 3 0 3 1 7 5 5 3 0], out [2 4 1 2 7 5 4 3 0 1 4 5 5 5 7 4], delta on 9
Job 35186074139663, Program [2 4 1 2 7 5 4 3 0 3 1 7 5 5 3 0], out [2 4 1 2 7 5 4 3 0 1 4 5 5 5 7 4], delta on 9
Job 35186082331663, Program [2 4 1 2 7 5 4 3 0 3 1 7 5 5 3 0], out [2 4 1 2 7 5 4 3 0 1 4 5 5 5 7 4], delta on 9
Job 35186082397199, Program [2 4 1 2 7 5 4 3 0 3 1 7 5 5 3 0], out [2 4 1 2 7 5 4 3 0 1 4 5 5 5 7 4], delta on 9
Job 35186082528271, Program [2 4 1 2 7 5 4 3 0 3 1 7 5 5 3 0], out [2 4 1 2 7 5 4 3 0 1 4 5 5 5 7 4], delta on 9
Job 35186082921487, Program [2 4 1 2 7 5 4 3 0 3 1 7 5 5 3 0], out [2 4 1 2 7 5 4 3 0 1 4 5 5 5 7 4], delta on 9
Job 35186100485135, Program [2 4 1 2 7 5 4 3 0 3 1 7 5 5 3 0], out [2 4 1 2 7 5 4 3 1 1 4 5 5 5 7 4], delta on 8
Job 35186102057999, Program [2 4 1 2 7 5 4 3 0 3 1 7 5 5 3 0], out [2 4 1 2 7 5 4 3 1 1 4 5 5 5 7 4], delta on 8
Job 35186104155151, Program [2 4 1 2 7 5 4 3 0 3 1 7 5 5 3 0], out [2 4 1 2 7 5 4 3 1 1 4 5 5 5 7 4], delta on 8
Job 35186108349455, Program [2 4 1 2 7 5 4 3 0 3 1 7 5 5 3 0], out [2 4 1 2 7 5 4 3 1 1 4 5 5 5 7 4], delta on 8
Job 35186116475919, Program [2 4 1 2 7 5 4 3 0 3 1 7 5 5 3 0], out [2 4 1 2 7 5 4 3 1 1 4 5 5 5 7 4], delta on 8
Job 35186141379599, Program [2 4 1 2 7 5 4 3 0 3 1 7 5 5 3 0], out [2 4 1 2 7 5 4 3 1 0 4 5 5 5 7 4], delta on 8
Job 35186141510671, Program [2 4 1 2 7 5 4 3 0 3 1 7 5 5 3 0], out [2 4 1 2 7 5 4 3 1 0 4 5 5 5 7 4], delta on 8
Job 35186167593999, Program [2 4 1 2 7 5 4 3 0 3 1 7 5 5 3 0], out [2 4 1 2 7 5 4 3 3 0 4 5 5 5 7 4], delta on 8
Job 35186169166863, Program [2 4 1 2 7 5 4 3 0 3 1 7 5 5 3 0], out [2 4 1 2 7 5 4 3 3 0 4 5 5 5 7 4], delta on 8
Job 35186175458319, Program [2 4 1 2 7 5 4 3 0 3 1 7 5 5 3 0], out [2 4 1 2 7 5 4 3 3 0 4 5 5 5 7 4], delta on 8
Job 35186208160783, Program [2 4 1 2 7 5 4 3 0 3 1 7 5 5 3 0], out [2 4 1 2 7 5 4 3 0 0 4 5 5 5 7 4], delta on 9
Job 35186208226319, Program [2 4 1 2 7 5 4 3 0 3 1 7 5 5 3 0], out [2 4 1 2 7 5 4 3 0 0 4 5 5 5 7 4], delta on 9
Job 35186208312241, Program [2 4 1 2 7 5 4 3 0 3 1 7 5 5 3 0], out [2 4 1 2 7 5 4 3 0 0 4 5 5 5 7 4], delta on 9
Job 35186208357391, Program [2 4 1 2 7 5 4 3 0 3 1 7 5 5 3 0], out [2 4 1 2 7 5 4 3 0 0 4 5 5 5 7 4], delta on 9
Job 35186234702863, Program [2 4 1 2 7 5 4 3 0 3 1 7 5 5 3 0], out [2 4 1 2 7 5 4 3 1 0 4 5 5 5 7 4], delta on 8
Job 35186236275727, Program [2 4 1 2 7 5 4 3 0 3 1 7 5 5 3 0], out [2 4 1 2 7 5 4 3 1 0 4 5 5 5 7 4], delta on 8
Job 35186238372879, Program [2 4 1 2 7 5 4 3 0 3 1 7 5 5 3 0], out [2 4 1 2 7 5 4 3 1 0 4 5 5 5 7 4], delta on 8
Job 35186242567183, Program [2 4 1 2 7 5 4 3 0 3 1 7 5 5 3 0], out [2 4 1 2 7 5 4 3 1 0 4 5 5 5 7 4], delta on 8
Job 35186282150927, Program [2 4 1 2 7 5 4 3 0 3 1 7 5 5 3 0], out [2 4 1 2 7 5 4 3 2 3 4 5 5 5 7 4], delta on 8
Job 35186301811727, Program [2 4 1 2 7 5 4 3 0 3 1 7 5 5 3 0], out [2 4 1 2 7 5 4 3 7 3 4 5 5 5 7 4], delta on 8
Job 35186303384591, Program [2 4 1 2 7 5 4 3 0 3 1 7 5 5 3 0], out [2 4 1 2 7 5 4 3 7 3 4 5 5 5 7 4], delta on 8
Job 35186309676047, Program [2 4 1 2 7 5 4 3 0 3 1 7 5 5 3 0], out [2 4 1 2 7 5 4 3 7 3 4 5 5 5 7 4], delta on 8
Job 35186342378511, Program [2 4 1 2 7 5 4 3 0 3 1 7 5 5 3 0], out [2 4 1 2 7 5 4 3 0 3 4 5 5 5 7 4], delta on 10
Job 35186342444047, Program [2 4 1 2 7 5 4 3 0 3 1 7 5 5 3 0], out [2 4 1 2 7 5 4 3 0 3 4 5 5 5 7 4], delta on 10
Job 35186342529969, Program [2 4 1 2 7 5 4 3 0 3 1 7 5 5 3 0], out [2 4 1 2 7 5 4 3 0 3 4 5 5 5 7 4], delta on 10
Job 35186342575119, Program [2 4 1 2 7 5 4 3 0 3 1 7 5 5 3 0], out [2 4 1 2 7 5 4 3 0 3 4 5 5 5 7 4], delta on 10
Job 35186368920591, Program [2 4 1 2 7 5 4 3 0 3 1 7 5 5 3 0], out [2 4 1 2 7 5 4 3 1 3 4 5 5 5 7 4], delta on 8
Job 35186370493455, Program [2 4 1 2 7 5 4 3 0 3 1 7 5 5 3 0], out [2 4 1 2 7 5 4 3 1 3 4 5 5 5 7 4], delta on 8
Job 35186372590607, Program [2 4 1 2 7 5 4 3 0 3 1 7 5 5 3 0], out [2 4 1 2 7 5 4 3 1 3 4 5 5 5 7 4], delta on 8
Job 35186376784911, Program [2 4 1 2 7 5 4 3 0 3 1 7 5 5 3 0], out [2 4 1 2 7 5 4 3 1 3 4 5 5 5 7 4], delta on 8
Job 35186409815055, Program [2 4 1 2 7 5 4 3 0 3 1 7 5 5 3 0], out [2 4 1 2 7 5 4 3 3 2 4 5 5 5 7 4], delta on 8
Job 35186409946127, Program [2 4 1 2 7 5 4 3 0 3 1 7 5 5 3 0], out [2 4 1 2 7 5 4 3 3 2 4 5 5 5 7 4], delta on 8
Job 35186436029455, Program [2 4 1 2 7 5 4 3 0 3 1 7 5 5 3 0], out [2 4 1 2 7 5 4 3 3 2 4 5 5 5 7 4], delta on 8
Job 35186437602319, Program [2 4 1 2 7 5 4 3 0 3 1 7 5 5 3 0], out [2 4 1 2 7 5 4 3 3 2 4 5 5 5 7 4], delta on 8
Job 35186443893775, Program [2 4 1 2 7 5 4 3 0 3 1 7 5 5 3 0], out [2 4 1 2 7 5 4 3 3 2 4 5 5 5 7 4], delta on 8
Job 35186476596239, Program [2 4 1 2 7 5 4 3 0 3 1 7 5 5 3 0], out [2 4 1 2 7 5 4 3 0 2 4 5 5 5 7 4], delta on 9
Job 35186476661775, Program [2 4 1 2 7 5 4 3 0 3 1 7 5 5 3 0], out [2 4 1 2 7 5 4 3 0 2 4 5 5 5 7 4], delta on 9
Job 35186476747697, Program [2 4 1 2 7 5 4 3 0 3 1 7 5 5 3 0], out [2 4 1 2 7 5 4 3 0 2 4 5 5 5 7 4], delta on 9
Job 35186476792847, Program [2 4 1 2 7 5 4 3 0 3 1 7 5 5 3 0], out [2 4 1 2 7 5 4 3 0 2 4 5 5 5 7 4], delta on 9
Job 35186503138319, Program [2 4 1 2 7 5 4 3 0 3 1 7 5 5 3 0], out [2 4 1 2 7 5 4 3 1 2 4 5 5 5 7 4], delta on 8
Job 35186504711183, Program [2 4 1 2 7 5 4 3 0 3 1 7 5 5 3 0], out [2 4 1 2 7 5 4 3 1 2 4 5 5 5 7 4], delta on 8
Job 35186506808335, Program [2 4 1 2 7 5 4 3 0 3 1 7 5 5 3 0], out [2 4 1 2 7 5 4 3 1 2 4 5 5 5 7 4], delta on 8
Job 35186511002639, Program [2 4 1 2 7 5 4 3 0 3 1 7 5 5 3 0], out [2 4 1 2 7 5 4 3 1 2 4 5 5 5 7 4], delta on 8
Job 35186550586383, Program [2 4 1 2 7 5 4 3 0 3 1 7 5 5 3 0], out [2 4 1 2 7 5 4 3 4 1 5 5 5 5 7 4], delta on 8
Job 35186570247183, Program [2 4 1 2 7 5 4 3 0 3 1 7 5 5 3 0], out [2 4 1 2 7 5 4 3 7 1 5 5 5 5 7 4], delta on 8
Job 35186571820047, Program [2 4 1 2 7 5 4 3 0 3 1 7 5 5 3 0], out [2 4 1 2 7 5 4 3 7 1 5 5 5 5 7 4], delta on 8
Job 35186578111503, Program [2 4 1 2 7 5 4 3 0 3 1 7 5 5 3 0], out [2 4 1 2 7 5 4 3 7 1 5 5 5 5 7 4], delta on 8
Job 35186610813967, Program [2 4 1 2 7 5 4 3 0 3 1 7 5 5 3 0], out [2 4 1 2 7 5 4 3 1 1 5 5 5 5 7 4], delta on 8
Job 35186610879503, Program [2 4 1 2 7 5 4 3 0 3 1 7 5 5 3 0], out [2 4 1 2 7 5 4 3 1 1 5 5 5 5 7 4], delta on 8
Job 35186610965425, Program [2 4 1 2 7 5 4 3 0 3 1 7 5 5 3 0], out [2 4 1 2 7 5 4 3 1 1 5 5 5 5 7 4], delta on 8
Job 35186611010575, Program [2 4 1 2 7 5 4 3 0 3 1 7 5 5 3 0], out [2 4 1 2 7 5 4 3 1 1 5 5 5 5 7 4], delta on 8
Job 35186619202575, Program [2 4 1 2 7 5 4 3 0 3 1 7 5 5 3 0], out [2 4 1 2 7 5 4 3 1 1 5 5 5 5 7 4], delta on 8
Job 35186619268111, Program [2 4 1 2 7 5 4 3 0 3 1 7 5 5 3 0], out [2 4 1 2 7 5 4 3 1 1 5 5 5 5 7 4], delta on 8
Job 35186619399183, Program [2 4 1 2 7 5 4 3 0 3 1 7 5 5 3 0], out [2 4 1 2 7 5 4 3 1 1 5 5 5 5 7 4], delta on 8
Job 35186619792399, Program [2 4 1 2 7 5 4 3 0 3 1 7 5 5 3 0], out [2 4 1 2 7 5 4 3 1 1 5 5 5 5 7 4], delta on 8
Job 35186637356047, Program [2 4 1 2 7 5 4 3 0 3 1 7 5 5 3 0], out [2 4 1 2 7 5 4 3 6 1 5 5 5 5 7 4], delta on 8
Job 35186638928911, Program [2 4 1 2 7 5 4 3 0 3 1 7 5 5 3 0], out [2 4 1 2 7 5 4 3 6 1 5 5 5 5 7 4], delta on 8
Job 35186641026063, Program [2 4 1 2 7 5 4 3 0 3 1 7 5 5 3 0], out [2 4 1 2 7 5 4 3 6 1 5 5 5 5 7 4], delta on 8
Job 35186645220367, Program [2 4 1 2 7 5 4 3 0 3 1 7 5 5 3 0], out [2 4 1 2 7 5 4 3 6 1 5 5 5 5 7 4], delta on 8
Job 35186653346831, Program [2 4 1 2 7 5 4 3 0 3 1 7 5 5 3 0], out [2 4 1 2 7 5 4 3 6 1 5 5 5 5 7 4], delta on 8
Job 35186678250511, Program [2 4 1 2 7 5 4 3 0 3 1 7 5 5 3 0], out [2 4 1 2 7 5 4 3 5 6 5 5 5 5 7 4], delta on 8
Job 35186678381583, Program [2 4 1 2 7 5 4 3 0 3 1 7 5 5 3 0], out [2 4 1 2 7 5 4 3 5 6 5 5 5 5 7 4], delta on 8
Job 35186704464911, Program [2 4 1 2 7 5 4 3 0 3 1 7 5 5 3 0], out [2 4 1 2 7 5 4 3 3 6 5 5 5 5 7 4], delta on 8
Job 35186706037775, Program [2 4 1 2 7 5 4 3 0 3 1 7 5 5 3 0], out [2 4 1 2 7 5 4 3 3 6 5 5 5 5 7 4], delta on 8
Job 35186712329231, Program [2 4 1 2 7 5 4 3 0 3 1 7 5 5 3 0], out [2 4 1 2 7 5 4 3 3 6 5 5 5 5 7 4], delta on 8
Job 35186745031695, Program [2 4 1 2 7 5 4 3 0 3 1 7 5 5 3 0], out [2 4 1 2 7 5 4 3 1 6 5 5 5 5 7 4], delta on 8
Job 35186745097231, Program [2 4 1 2 7 5 4 3 0 3 1 7 5 5 3 0], out [2 4 1 2 7 5 4 3 1 6 5 5 5 5 7 4], delta on 8
Job 35186745183153, Program [2 4 1 2 7 5 4 3 0 3 1 7 5 5 3 0], out [2 4 1 2 7 5 4 3 1 6 5 5 5 5 7 4], delta on 8
Job 35186745228303, Program [2 4 1 2 7 5 4 3 0 3 1 7 5 5 3 0], out [2 4 1 2 7 5 4 3 1 6 5 5 5 5 7 4], delta on 8
Job 35186771573775, Program [2 4 1 2 7 5 4 3 0 3 1 7 5 5 3 0], out [2 4 1 2 7 5 4 3 6 6 5 5 5 5 7 4], delta on 8
Job 35186773146639, Program [2 4 1 2 7 5 4 3 0 3 1 7 5 5 3 0], out [2 4 1 2 7 5 4 3 6 6 5 5 5 5 7 4], delta on 8
Job 35186775243791, Program [2 4 1 2 7 5 4 3 0 3 1 7 5 5 3 0], out [2 4 1 2 7 5 4 3 6 6 5 5 5 5 7 4], delta on 8
Job 35186779438095, Program [2 4 1 2 7 5 4 3 0 3 1 7 5 5 3 0], out [2 4 1 2 7 5 4 3 6 6 5 5 5 5 7 4], delta on 8
Job 35186819021839, Program [2 4 1 2 7 5 4 3 0 3 1 7 5 5 3 0], out [2 4 1 2 7 5 4 3 6 5 5 5 5 5 7 4], delta on 8
Job 35186838682639, Program [2 4 1 2 7 5 4 3 0 3 1 7 5 5 3 0], out [2 4 1 2 7 5 4 3 7 5 5 5 5 5 7 4], delta on 8
Job 35186840255503, Program [2 4 1 2 7 5 4 3 0 3 1 7 5 5 3 0], out [2 4 1 2 7 5 4 3 7 5 5 5 5 5 7 4], delta on 8
Job 35186846546959, Program [2 4 1 2 7 5 4 3 0 3 1 7 5 5 3 0], out [2 4 1 2 7 5 4 3 7 5 5 5 5 5 7 4], delta on 8
Job 35186879249423, Program [2 4 1 2 7 5 4 3 0 3 1 7 5 5 3 0], out [2 4 1 2 7 5 4 3 1 5 5 5 5 5 7 4], delta on 8
Job 35186879314959, Program [2 4 1 2 7 5 4 3 0 3 1 7 5 5 3 0], out [2 4 1 2 7 5 4 3 1 5 5 5 5 5 7 4], delta on 8
Job 35186879400881, Program [2 4 1 2 7 5 4 3 0 3 1 7 5 5 3 0], out [2 4 1 2 7 5 4 3 1 5 5 5 5 5 7 4], delta on 8
Job 35186879446031, Program [2 4 1 2 7 5 4 3 0 3 1 7 5 5 3 0], out [2 4 1 2 7 5 4 3 1 5 5 5 5 5 7 4], delta on 8
Job 35186881346575, Program [2 4 1 2 7 5 4 3 0 3 1 7 5 5 3 0], out [2 4 1 2 7 5 4 3 1 5 5 5 5 5 7 4], delta on 8
Job 35186881412111, Program [2 4 1 2 7 5 4 3 0 3 1 7 5 5 3 0], out [2 4 1 2 7 5 4 3 1 5 5 5 5 5 7 4], delta on 8
Job 35186881477647, Program [2 4 1 2 7 5 4 3 0 3 1 7 5 5 3 0], out [2 4 1 2 7 5 4 3 1 5 5 5 5 5 7 4], delta on 8
Job 35186905791503, Program [2 4 1 2 7 5 4 3 0 3 1 7 5 5 3 0], out [2 4 1 2 7 5 4 3 6 5 5 5 5 5 7 4], delta on 8
Job 35186907364367, Program [2 4 1 2 7 5 4 3 0 3 1 7 5 5 3 0], out [2 4 1 2 7 5 4 3 6 5 5 5 5 5 7 4], delta on 8
Job 35186909461519, Program [2 4 1 2 7 5 4 3 0 3 1 7 5 5 3 0], out [2 4 1 2 7 5 4 3 6 5 5 5 5 5 7 4], delta on 8
Job 35186913655823, Program [2 4 1 2 7 5 4 3 0 3 1 7 5 5 3 0], out [2 4 1 2 7 5 4 3 6 5 5 5 5 5 7 4], delta on 8
Job 35186946685967, Program [2 4 1 2 7 5 4 3 0 3 1 7 5 5 3 0], out [2 4 1 2 7 5 4 3 7 7 5 5 5 5 7 4], delta on 8
Job 35186946817039, Program [2 4 1 2 7 5 4 3 0 3 1 7 5 5 3 0], out [2 4 1 2 7 5 4 3 7 7 5 5 5 5 7 4], delta on 8
