Job 40253330045967, Program [2 4 1 2 7 5 4 3 0 3 1 7 5 5 3 0], out [2 4 1 2 7 5 4 3 0 3 1 7 5 5 5 4], delta on 14
Job 44651376557071, Program [2 4 1 2 7 5 4 3 0 3 1 7 5 5 3 0], out [2 4 1 2 7 5 4 3 0 3 1 7 5 6 5 4], delta on 13
Job 49049423068175, Program [2 4 1 2 7 5 4 3 0 3 1 7 5 5 3 0], out [2 4 1 2 7 5 4 3 0 3 1 7 5 7 3 4], delta on 13
Job 53447469579279, Program [2 4 1 2 7 5 4 3 0 3 1 7 5 5 3 0], out [2 4 1 2 7 5 4 3 0 3 1 7 5 0 1 4], delta on 13
Job 57845516090383, Program [2 4 1 2 7 5 4 3 0 3 1 7 5 5 3 0], out [2 4 1 2 7 5 4 3 0 3 1 7 5 1 0 4], delta on 13
Job 62243562601487, Program [2 4 1 2 7 5 4 3 0 3 1 7 5 5 3 0], out [2 4 1 2 7 5 4 3 0 3 1 7 5 2 3 4], delta on 13
Job 66641609112591, Program [2 4 1 2 7 5 4 3 0 3 1 7 5 5 3 0], out [2 4 1 2 7 5 4 3 0 3 1 7 5 3 2 4], delta on 13
Job 71039655623695, Program [2 4 1 2 7 5 4 3 0 3 1 7 5 5 3 0], out [2 4 1 2 7 5 4 3 0 3 1 7 5 4 1 5], delta on 13
Job 75437702134799, Program [2 4 1 2 7 5 4 3 0 3 1 7 5 5 3 0], out [2 4 1 2 7 5 4 3 0 3 1 7 5 5 6 5], delta on 14
Job 79835748645903, Program [2 4 1 2 7 5 4 3 0 3 1 7 5 5 3 0], out [2 4 1 2 7 5 4 3 0 3 1 7 5 6 5 5], delta on 13
Job 84233795157007, Program [2 4 1 2 7 5 4 3 0 3 1 7 5 5 3 0], out [2 4 1 2 7 5 4 3 0 3 1 7 5 7 7 5], delta on 13
Job 88631841668111, Program [2 4 1 2 7 5 4 3 0 3 1 7 5 5 3 0], out [2 4 1 2 7 5 4 3 0 3 1 7 5 0 1 5], delta on 13
Job 93029888179215, Program [2 4 1 2 7 5 4 3 0 3 1 7 5 5 3 0], out [2 4 1 2 7 5 4 3 0 3 1 7 5 1 0 5], delta on 13
Job 97427934690319, Program [2 4 1 2 7 5 4 3 0 3 1 7 5 5 3 0], out [2 4 1 2 7 5 4 3 0 3 1 7 5 2 2 5], delta on 13
Job 101825981201423, Program [2 4 1 2 7 5 4 3 0 3 1 7 5 5 3 0], out [2 4 1 2 7 5 4 3 0 3 1 7 5 3 2 5], delta on 13
Job 106224027712527, Program [2 4 1 2 7 5 4 3 0 3 1 7 5 5 3 0], out [2 4 1 2 7 5 4 3 0 3 1 7 5 4 3 7], delta on 13
Job 110622074223631, Program [2 4 1 2 7 5 4 3 0 3 1 7 5 5 3 0], out [2 4 1 2 7 5 4 3 0 3 1 7 5 5 7 7], delta on 14
Job 115020120734735, Program [2 4 1 2 7 5 4 3 0 3 1 7 5 5 3 0], out [2 4 1 2 7 5 4 3 0 3 1 7 5 6 5 7], delta on 13
Job 119418167245839, Program [2 4 1 2 7 5 4 3 0 3 1 7 5 5 3 0], out [2 4 1 2 7 5 4 3 0 3 1 7 5 7 3 7], delta on 13
Job 123816213756943, Program [2 4 1 2 7 5 4 3 0 3 1 7 5 5 3 0], out [2 4 1 2 7 5 4 3 0 3 1 7 5 0 1 7], delta on 13
Job 128214260268047, Program [2 4 1 2 7 5 4 3 0 3 1 7 5 5 3 0], out [2 4 1 2 7 5 4 3 0 3 1 7 5 1 0 7], delta on 13
Job 132612306779151, Program [2 4 1 2 7 5 4 3 0 3 1 7 5 5 3 0], out [2 4 1 2 7 5 4 3 0 3 1 7 5 2 2 7], delta on 13
Job 137010353290255, Program [2 4 1 2 7 5 4 3 0 3 1 7 5 5 3 0], out [2 4 1 2 7 5 4 3 0 3 1 7 5 3 2 7], delta on 13
Job 141408399801359, Program [2 4 1 2 7 5 4 3 0 3 1 7 5 5 3 0], out [2 4 1 2 7 5 4 3 0 3 1 7 5 4 5 1], delta on 13
Job 145806446312463, Program [2 4 1 2 7 5 4 3 0 3 1 7 5 5 3 0], out [2 4 1 2 7 5 4 3 0 3 1 7 5 5 0 1], delta on 14
Job 150204492823567, Program [2 4 1 2 7 5 4 3 0 3 1 7 5 5 3 0], out [2 4 1 2 7 5 4 3 0 3 1 7 5 6 5 1], delta on 13
Job 154602539334671, Program [2 4 1 2 7 5 4 3 0 3 1 7 5 5 3 0], out [2 4 1 2 7 5 4 3 0 3 1 7 5 7 7 1], delta on 13
Job 159000585845775, Program [2 4 1 2 7 5 4 3 0 3 1 7 5 5 3 0], out [2 4 1 2 7 5 4 3 0 3 1 7 5 0 1 1], delta on 13
Job 163398632356879, Program [2 4 1 2 7 5 4 3 0 3 1 7 5 5 3 0], out [2 4 1 2 7 5 4 3 0 3 1 7 5 1 0 1], delta on 13
Job 167796678867983, Program [2 4 1 2 7 5 4 3 0 3 1 7 5 5 3 0], out [2 4 1 2 7 5 4 3 0 3 1 7 5 2 1 1], delta on 13
Job 172194725379087, Program [2 4 1 2 7 5 4 3 0 3 1 7 5 5 3 0], out [2 4 1 2 7 5 4 3 0 3 1 7 5 3 3 1], delta on 13
Job 176592771890191, Program [2 4 1 2 7 5 4 3 0 3 1 7 5 5 3 0], out [2 4 1 2 7 5 4 3 0 3 1 7 5 4 7 0], delta on 13
Job 180990818401295, Program [2 4 1 2 7 5 4 3 0 3 1 7 5 5 3 0], out [2 4 1 2 7 5 4 3 0 3 1 7 5 5 1 0], delta on 14
Job 185388864912399, Program [2 4 1 2 7 5 4 3 0 3 1 7 5 5 3 0], out [2 4 1 2 7 5 4 3 0 3 1 7 5 6 5 0], delta on 13
Job 189786911423503, Program [2 4 1 2 7 5 4 3 0 3 1 7 5 5 3 0], out [2 4 1 2 7 5 4 3 0 3 1 7 5 7 3 0], delta on 13
Job 194184957934607, Program [2 4 1 2 7 5 4 3 0 3 1 7 5 5 3 0], out [2 4 1 2 7 5 4 3 0 3 1 7 5 0 1 0], delta on 13
Job 198583004445711, Program [2 4 1 2 7 5 4 3 0 3 1 7 5 5 3 0], out [2 4 1 2 7 5 4 3 0 3 1 7 5 1 0 0], delta on 13
Job 202981050956815, Program [2 4 1 2 7 5 4 3 0 3 1 7 5 5 3 0], out [2 4 1 2 7 5 4 3 0 3 1 7 5 2 1 0], delta on 13
Job 207379097467919, Program [2 4 1 2 7 5 4 3 0 3 1 7 5 5 3 0], out [2 4 1 2 7 5 4 3 0 3 1 7 5 3 3 0], delta on 13
Job 211777143979023, Program [2 4 1 2 7 5 4 3 0 3 1 7 5 5 3 0], out [2 4 1 2 7 5 4 3 0 3 1 7 5 4 1 3], delta on 13
Job 216175190490127, Program [2 4 1 2 7 5 4 3 0 3 1 7 5 5 3 0], out [2 4 1 2 7 5 4 3 0 3 1 7 5 5 2 3], delta on 14
Job 220573237001231, Program [2 4 1 2 7 5 4 3 0 3 1 7 5 5 3 0], out [2 4 1 2 7 5 4 3 0 3 1 7 5 6 5 3], delta on 13
Job 224971283512335, Program [2 4 1 2 7 5 4 3 0 3 1 7 5 5 3 0], out [2 4 1 2 7 5 4 3 0 3 1 7 5 7 7 3], delta on 13
Job 229369330023439, Program [2 4 1 2 7 5 4 3 0 3 1 7 5 5 3 0], out [2 4 1 2 7 5 4 3 0 3 1 7 5 0 1 3], delta on 13
Job 233767376534543, Program [2 4 1 2 7 5 4 3 0 3 1 7 5 5 3 0], out [2 4 1 2 7 5 4 3 0 3 1 7 5 1 0 3], delta on 13
Job 238165423045647, Program [2 4 1 2 7 5 4 3 0 3 1 7 5 5 3 0], out [2 4 1 2 7 5 4 3 0 3 1 7 5 2 0 3], delta on 13
Job 242563469556751, Program [2 4 1 2 7 5 4 3 0 3 1 7 5 5 3 0], out [2 4 1 2 7 5 4 3 0 3 1 7 5 3 3 3], delta on 13
Job 246961516067855, Program [2 4 1 2 7 5 4 3 0 3 1 7 5 5 3 0], out [2 4 1 2 7 5 4 3 0 3 1 7 5 4 3 2], delta on 13
Job 251359562578959, Program [2 4 1 2 7 5 4 3 0 3 1 7 5 5 3 0], out [2 4 1 2 7 5 4 3 0 3 1 7 5 5 3 2], delta on 15
Job 255757609090063, Program [2 4 1 2 7 5 4 3 0 3 1 7 5 5 3 0], out [2 4 1 2 7 5 4 3 0 3 1 7 5 6 5 2], delta on 13
Job 260155655601167, Program [2 4 1 2 7 5 4 3 0 3 1 7 5 5 3 0], out [2 4 1 2 7 5 4 3 0 3 1 7 5 7 3 2], delta on 13
Job 264553702112271, Program [2 4 1 2 7 5 4 3 0 3 1 7 5 5 3 0], out [2 4 1 2 7 5 4 3 0 3 1 7 5 0 1 2], delta on 13
Job 268951748623375, Program [2 4 1 2 7 5 4 3 0 3 1 7 5 5 3 0], out [2 4 1 2 7 5 4 3 0 3 1 7 5 1 0 2], delta on 13
Job 273349795134479, Program [2 4 1 2 7 5 4 3 0 3 1 7 5 5 3 0], out [2 4 1 2 7 5 4 3 0 3 1 7 5 2 0 2], delta on 13
Job 277747841645583, Program [2 4 1 2 7 5 4 3 0 3 1 7 5 5 3 0], out [2 4 1 2 7 5 4 3 0 3 1 7 5 3 3 2], delta on 13
Job 282145888156687, Program [2 4 1 2 7 5 4 3 0 3 1 7 5 5 3 0], out [2 4 1 2 7 5 4 3 0 3 1 7 5 4 5 7 4], delta on 13
Job 286543934667791, Program [2 4 1 2 7 5 4 3 0 3 1 7 5 5 3 0], out [2 4 1 2 7 5 4 3 0 3 1 7 5 5 4 7 4], delta on 14
Job 290941981178895, Program [2 4 1 2 7 5 4 3 0 3 1 7 5 5 3 0], out [2 4 1 2 7 5 4 3 0 3 1 7 5 6 5 7 4], delta on 13
Job 295340027689999, Program [2 4 1 2 7 5 4 3 0 3 1 7 5 5 3 0], out [2 4 1 2 7 5 4 3 0 3 1 7 5 7 7 7 4], delta on 13
Job 299738074201103, Program [2 4 1 2 7 5 4 3 0 3 1 7 5 5 3 0], out [2 4 1 2 7 5 4 3 0 3 1 7 5 0 0 7 4], delta on 13
Job 304136120712207, Program [2 4 1 2 7 5 4 3 0 3 1 7 5 5 3 0], out [2 4 1 2 7 5 4 3 0 3 1 7 5 1 0 7 4], delta on 13
Job 308534167223311, Program [2 4 1 2 7 5 4 3 0 3 1 7 5 5 3 0], out [2 4 1 2 7 5 4 3 0 3 1 7 5 2 7 7 4], delta on 13
Job 312932213734415, Program [2 4 1 2 7 5 4 3 0 3 1 7 5 5 3 0], out [2 4 1 2 7 5 4 3 0 3 1 7 5 3 0 7 4], delta on 13
Job 317330260245519, Program [2 4 1 2 7 5 4 3 0 3 1 7 5 5 3 0], out [2 4 1 2 7 5 4 3 0 3 1 7 5 4 7 5 4], delta on 13
Job 321728306756623, Program [2 4 1 2 7 5 4 3 0 3 1 7 5 5 3 0], out [2 4 1 2 7 5 4 3 0 3 1 7 5 5 5 5 4], delta on 14
Job 326126353267727, Program [2 4 1 2 7 5 4 3 0 3 1 7 5 5 3 0], out [2 4 1 2 7 5 4 3 0 3 1 7 5 6 5 5 4], delta on 13
Job 330524399778831, Program [2 4 1 2 7 5 4 3 0 3 1 7 5 5 3 0], out [2 4 1 2 7 5 4 3 0 3 1 7 5 7 3 5 4], delta on 13
Job 334922446289935, Program [2 4 1 2 7 5 4 3 0 3 1 7 5 5 3 0], out [2 4 1 2 7 5 4 3 0 3 1 7 5 0 0 5 4], delta on 13
Job 339320492801039, Program [2 4 1 2 7 5 4 3 0 3 1 7 5 5 3 0], out [2 4 1 2 7 5 4 3 0 3 1 7 5 1 0 5 4], delta on 13
Job 343718539312143, Program [2 4 1 2 7 5 4 3 0 3 1 7 5 5 3 0], out [2 4 1 2 7 5 4 3 0 3 1 7 5 2 7 5 4], delta on 13
Job 348116585823247, Program [2 4 1 2 7 5 4 3 0 3 1 7 5 5 3 0], out [2 4 1 2 7 5 4 3 0 3 1 7 5 3 0 5 4], delta on 13
Job 352514632334351, Program [2 4 1 2 7 5 4 3 0 3 1 7 5 5 3 0], out [2 4 1 2 7 5 4 3 0 3 1 7 5 4 1 5 4], delta on 13
Job 356912678845455, Program [2 4 1 2 7 5 4 3 0 3 1 7 5 5 3 0], out [2 4 1 2 7 5 4 3 0 3 1 7 5 5 6 5 4], delta on 14
Job 361310725356559, Program [2 4 1 2 7 5 4 3 0 3 1 7 5 5 3 0], out [2 4 1 2 7 5 4 3 0 3 1 7 5 6 5 5 4], delta on 13
Job 365708771867663, Program [2 4 1 2 7 5 4 3 0 3 1 7 5 5 3 0], out [2 4 1 2 7 5 4 3 0 3 1 7 5 7 7 5 4], delta on 13
Job 370106818378767, Program [2 4 1 2 7 5 4 3 0 3 1 7 5 5 3 0], out [2 4 1 2 7 5 4 3 0 3 1 7 5 0 0 5 4], delta on 13
Job 374504864889871, Program [2 4 1 2 7 5 4 3 0 3 1 7 5 5 3 0], out [2 4 1 2 7 5 4 3 0 3 1 7 5 1 0 5 4], delta on 13
Job 378902911400975, Program [2 4 1 2 7 5 4 3 0 3 1 7 5 5 3 0], out [2 4 1 2 7 5 4 3 0 3 1 7 5 2 6 5 4], delta on 13
Job 383300957912079, Program [2 4 1 2 7 5 4 3 0 3 1 7 5 5 3 0], out [2 4 1 2 7 5 4 3 0 3 1 7 5 3 0 5 4], delta on 13
Job 387699004423183, Program [2 4 1 2 7 5 4 3 0 3 1 7 5 5 3 0], out [2 4 1 2 7 5 4 3 0 3 1 7 5 4 3 3 4], delta on 13
Job 392097050934287, Program [2 4 1 2 7 5 4 3 0 3 1 7 5 5 3 0], out [2 4 1 2 7 5 4 3 0 3 1 7 5 5 7 3 4], delta on 14
Job 396495097445391, Program [2 4 1 2 7 5 4 3 0 3 1 7 5 5 3 0], out [2 4 1 2 7 5 4 3 0 3 1 7 5 6 5 3 4], delta on 13
Job 400893143956495, Program [2 4 1 2 7 5 4 3 0 3 1 7 5 5 3 0], out [2 4 1 2 7 5 4 3 0 3 1 7 5 7 3 3 4], delta on 13
Job 405291190467599, Program [2 4 1 2 7 5 4 3 0 3 1 7 5 5 3 0], out [2 4 1 2 7 5 4 3 0 3 1 7 5 0 0 3 4], delta on 13
Job 409689236978703, Program [2 4 1 2 7 5 4 3 0 3 1 7 5 5 3 0], out [2 4 1 2 7 5 4 3 0 3 1 7 5 1 0 3 4], delta on 13
Job 414087283489807, Program [2 4 1 2 7 5 4 3 0 3 1 7 5 5 3 0], out [2 4 1 2 7 5 4 3 0 3 1 7 5 2 6 3 4], delta on 13
Job 418485330000911, Program [2 4 1 2 7 5 4 3 0 3 1 7 5 5 3 0], out [2 4 1 2 7 5 4 3 0 3 1 7 5 3 0 3 4], delta on 13
Job 422883376512015, Program [2 4 1 2 7 5 4 3 0 3 1 7 5 5 3 0], out [2 4 1 2 7 5 4 3 0 3 1 7 5 4 5 1 4], delta on 13
Job 427281423023119, Program [2 4 1 2 7 5 4 3 0 3 1 7 5 5 3 0], out [2 4 1 2 7 5 4 3 0 3 1 7 5 5 0 1 4], delta on 14
Job 431679469534223, Program [2 4 1 2 7 5 4 3 0 3 1 7 5 5 3 0], out [2 4 1 2 7 5 4 3 0 3 1 7 5 6 5 1 4], delta on 13
Job 436077516045327, Program [2 4 1 2 7 5 4 3 0 3 1 7 5 5 3 0], out [2 4 1 2 7 5 4 3 0 3 1 7 5 7 7 1 4], delta on 13
Job 440475562556431, Program [2 4 1 2 7 5 4 3 0 3 1 7 5 5 3 0], out [2 4 1 2 7 5 4 3 0 3 1 7 5 0 0 1 4], delta on 13
Job 444873609067535, Program [2 4 1 2 7 5 4 3 0 3 1 7 5 5 3 0], out [2 4 1 2 7 5 4 3 0 3 1 7 5 1 0 1 4], delta on 13
Job 449271655578639, Program [2 4 1 2 7 5 4 3 0 3 1 7 5 5 3 0], out [2 4 1 2 7 5 4 3 0 3 1 7 5 2 5 1 4], delta on 13
Job 453669702089743, Program [2 4 1 2 7 5 4 3 0 3 1 7 5 5 3 0], out [2 4 1 2 7 5 4 3 0 3 1 7 5 3 1 1 4], delta on 13
Job 458067748600847, Program [2 4 1 2 7 5 4 3 0 3 1 7 5 5 3 0], out [2 4 1 2 7 5 4 3 0 3 1 7 5 4 7 0 4], delta on 13
Job 462465795111951, Program [2 4 1 2 7 5 4 3 0 3 1 7 5 5 3 0], out [2 4 1 2 7 5 4 3 0 3 1 7 5 5 1 0 4], delta on 14
Job 466863841623055, Program [2 4 1 2 7 5 4 3 0 3 1 7 5 5 3 0], out [2 4 1 2 7 5 4 3 0 3 1 7 5 6 5 0 4], delta on 13
Job 471261888134159, Program [2 4 1 2 7 5 4 3 0 3 1 7 5 5 3 0], out [2 4 1 2 7 5 4 3 0 3 1 7 5 7 3 0 4], delta on 13
Job 475659934645263, Program [2 4 1 2 7 5 4 3 0 3 1 7 5 5 3 0], out [2 4 1 2 7 5 4 3 0 3 1 7 5 0 0 0 4], delta on 13
Job 480057981156367, Program [2 4 1 2 7 5 4 3 0 3 1 7 5 5 3 0], out [2 4 1 2 7 5 4 3 0 3 1 7 5 1 0 0 4], delta on 13
Job 484456027667471, Program [2 4 1 2 7 5 4 3 0 3 1 7 5 5 3 0], out [2 4 1 2 7 5 4 3 0 3 1 7 5 2 5 0 4], delta on 13
Job 488854074178575, Program [2 4 1 2 7 5 4 3 0 3 1 7 5 5 3 0], out [2 4 1 2 7 5 4 3 0 3 1 7 5 3 1 0 4], delta on 13
Job 493252120689679, Program [2 4 1 2 7 5 4 3 0 3 1 7 5 5 3 0], out [2 4 1 2 7 5 4 3 0 3 1 7 5 4 1 3 4], delta on 13
Job 497650167200783, Program [2 4 1 2 7 5 4 3 0 3 1 7 5 5 3 0], out [2 4 1 2 7 5 4 3 0 3 1 7 5 5 2 3 4], delta on 14
Job 502048213711887, Program [2 4 1 2 7 5 4 3 0 3 1 7 5 5 3 0], out [2 4 1 2 7 5 4 3 0 3 1 7 5 6 5 3 4], delta on 13
Job 506446260222991, Program [2 4 1 2 7 5 4 3 0 3 1 7 5 5 3 0], out [2 4 1 2 7 5 4 3 0 3 1 7 5 7 7 3 4], delta on 13
Job 510844306734095, Program [2 4 1 2 7 5 4 3 0 3 1 7 5 5 3 0], out [2 4 1 2 7 5 4 3 0 3 1 7 5 0 0 3 4], delta on 13
Job 515242353245199, Program [2 4 1 2 7 5 4 3 0 3 1 7 5 5 3 0], out [2 4 1 2 7 5 4 3 0 3 1 7 5 1 0 3 4], delta on 13
Job 519640399756303, Program [2 4 1 2 7 5 4 3 0 3 1 7 5 5 3 0], out [2 4 1 2 7 5 4 3 0 3 1 7 5 2 4 3 4], delta on 13
Job 524038446267407, Program [2 4 1 2 7 5 4 3 0 3 1 7 5 5 3 0], out [2 4 1 2 7 5 4 3 0 3 1 7 5 3 1 3 4], delta on 13
Job 528436492778511, Program [2 4 1 2 7 5 4 3 0 3 1 7 5 5 3 0], out [2 4 1 2 7 5 4 3 0 3 1 7 5 4 3 2 4], delta on 13
Job 532834539289615, Program [2 4 1 2 7 5 4 3 0 3 1 7 5 5 3 0], out [2 4 1 2 7 5 4 3 0 3 1 7 5 5 3 2 4], delta on 15
Job 537232585800719, Program [2 4 1 2 7 5 4 3 0 3 1 7 5 5 3 0], out [2 4 1 2 7 5 4 3 0 3 1 7 5 6 5 2 4], delta on 13
Job 541630632311823, Program [2 4 1 2 7 5 4 3 0 3 1 7 5 5 3 0], out [2 4 1 2 7 5 4 3 0 3 1 7 5 7 3 2 4], delta on 13
Job 546028678822927, Program [2 4 1 2 7 5 4 3 0 3 1 7 5 5 3 0], out [2 4 1 2 7 5 4 3 0 3 1 7 5 0 0 2 4], delta on 13
Job 550426725334031, Program [2 4 1 2 7 5 4 3 0 3 1 7 5 5 3 0], out [2 4 1 2 7 5 4 3 0 3 1 7 5 1 0 2 4], delta on 13
Job 554824771845135, Program [2 4 1 2 7 5 4 3 0 3 1 7 5 5 3 0], out [2 4 1 2 7 5 4 3 0 3 1 7 5 2 4 2 4], delta on 13
Job 559222818356239, Program [2 4 1 2 7 5 4 3 0 3 1 7 5 5 3 0], out [2 4 1 2 7 5 4 3 0 3 1 7 5 3 1 2 4], delta on 13
Job 563620864867343, Program [2 4 1 2 7 5 4 3 0 3 1 7 5 5 3 0], out [2 4 1 2 7 5 4 3 0 3 1 7 5 4 5 1 5], delta on 13
Job 568018911378447, Program [2 4 1 2 7 5 4 3 0 3 1 7 5 5 3 0], out [2 4 1 2 7 5 4 3 0 3 1 7 5 5 4 1 5], delta on 14
Job 572416957889551, Program [2 4 1 2 7 5 4 3 0 3 1 7 5 5 3 0], out [2 4 1 2 7 5 4 3 0 3 1 7 5 6 5 1 5], delta on 13
Job 576815004400655, Program [2 4 1 2 7 5 4 3 0 3 1 7 5 5 3 0], out [2 4 1 2 7 5 4 3 0 3 1 7 5 7 7 1 5], delta on 13
Job 581213050911759, Program [2 4 1 2 7 5 4 3 0 3 1 7 5 5 3 0], out [2 4 1 2 7 5 4 3 0 3 1 7 5 0 3 1 5], delta on 13
Job 585611097422863, Program [2 4 1 2 7 5 4 3 0 3 1 7 5 5 3 0], out [2 4 1 2 7 5 4 3 0 3 1 7 5 1 1 1 5], delta on 13
Job 590009143933967, Program [2 4 1 2 7 5 4 3 0 3 1 7 5 5 3 0], out [2 4 1 2 7 5 4 3 0 3 1 7 5 2 3 1 5], delta on 13
Job 594407190445071, Program [2 4 1 2 7 5 4 3 0 3 1 7 5 5 3 0], out [2 4 1 2 7 5 4 3 0 3 1 7 5 3 6 1 5], delta on 13
Job 598805236956175, Program [2 4 1 2 7 5 4 3 0 3 1 7 5 5 3 0], out [2 4 1 2 7 5 4 3 0 3 1 7 5 4 7 6 5], delta on 13
Job 603203283467279, Program [2 4 1 2 7 5 4 3 0 3 1 7 5 5 3 0], out [2 4 1 2 7 5 4 3 0 3 1 7 5 5 5 6 5], delta on 14
Job 607601329978383, Program [2 4 1 2 7 5 4 3 0 3 1 7 5 5 3 0], out [2 4 1 2 7 5 4 3 0 3 1 7 5 6 5 6 5], delta on 13
Job 611999376489487, Program [2 4 1 2 7 5 4 3 0 3 1 7 5 5 3 0], out [2 4 1 2 7 5 4 3 0 3 1 7 5 7 3 6 5], delta on 13
Job 616397423000591, Program [2 4 1 2 7 5 4 3 0 3 1 7 5 5 3 0], out [2 4 1 2 7 5 4 3 0 3 1 7 5 0 3 6 5], delta on 13
Job 620795469511695, Program [2 4 1 2 7 5 4 3 0 3 1 7 5 5 3 0], out [2 4 1 2 7 5 4 3 0 3 1 7 5 1 1 6 5], delta on 13
Job 625193516022799, Program [2 4 1 2 7 5 4 3 0 3 1 7 5 5 3 0], out [2 4 1 2 7 5 4 3 0 3 1 7 5 2 3 6 5], delta on 13
Job 629591562533903, Program [2 4 1 2 7 5 4 3 0 3 1 7 5 5 3 0], out [2 4 1 2 7 5 4 3 0 3 1 7 5 3 6 6 5], delta on 13
Job 633989609045007, Program [2 4 1 2 7 5 4 3 0 3 1 7 5 5 3 0], out [2 4 1 2 7 5 4 3 0 3 1 7 5 4 1 5 5], delta on 13
Job 638387655556111, Program [2 4 1 2 7 5 4 3 0 3 1 7 5 5 3 0], out [2 4 1 2 7 5 4 3 0 3 1 7 5 5 6 5 5], delta on 14
Job 642785702067215, Program [2 4 1 2 7 5 4 3 0 3 1 7 5 5 3 0], out [2 4 1 2 7 5 4 3 0 3 1 7 5 6 5 5 5], delta on 13
Job 647183748578319, Program [2 4 1 2 7 5 4 3 0 3 1 7 5 5 3 0], out [2 4 1 2 7 5 4 3 0 3 1 7 5 7 7 5 5], delta on 13
Job 651581795089423, Program [2 4 1 2 7 5 4 3 0 3 1 7 5 5 3 0], out [2 4 1 2 7 5 4 3 0 3 1 7 5 0 3 5 5], delta on 13
Job 655979841600527, Program [2 4 1 2 7 5 4 3 0 3 1 7 5 5 3 0], out [2 4 1 2 7 5 4 3 0 3 1 7 5 1 1 5 5], delta on 13
Job 660377888111631, Program [2 4 1 2 7 5 4 3 0 3 1 7 5 5 3 0], out [2 4 1 2 7 5 4 3 0 3 1 7 5 2 2 5 5], delta on 13
Job 664775934622735, Program [2 4 1 2 7 5 4 3 0 3 1 7 5 5 3 0], out [2 4 1 2 7 5 4 3 0 3 1 7 5 3 6 5 5], delta on 13
Job 669173981133839, Program [2 4 1 2 7 5 4 3 0 3 1 7 5 5 3 0], out [2 4 1 2 7 5 4 3 0 3 1 7 5 4 3 7 5], delta on 13
Job 673572027644943, Program [2 4 1 2 7 5 4 3 0 3 1 7 5 5 3 0], out [2 4 1 2 7 5 4 3 0 3 1 7 5 5 7 7 5], delta on 14
Job 677970074156047, Program [2 4 1 2 7 5 4 3 0 3 1 7 5 5 3 0], out [2 4 1 2 7 5 4 3 0 3 1 7 5 6 5 7 5], delta on 13
Job 682368120667151, Program [2 4 1 2 7 5 4 3 0 3 1 7 5 5 3 0], out [2 4 1 2 7 5 4 3 0 3 1 7 5 7 3 7 5], delta on 13
Job 686766167178255, Program [2 4 1 2 7 5 4 3 0 3 1 7 5 5 3 0], out [2 4 1 2 7 5 4 3 0 3 1 7 5 0 3 7 5], delta on 13
Job 691164213689359, Program [2 4 1 2 7 5 4 3 0 3 1 7 5 5 3 0], out [2 4 1 2 7 5 4 3 0 3 1 7 5 1 1 7 5], delta on 13
Job 695562260200463, Program [2 4 1 2 7 5 4 3 0 3 1 7 5 5 3 0], out [2 4 1 2 7 5 4 3 0 3 1 7 5 2 2 7 5], delta on 13
Job 699960306711567, Program [2 4 1 2 7 5 4 3 0 3 1 7 5 5 3 0], out [2 4 1 2 7 5 4 3 0 3 1 7 5 3 6 7 5], delta on 13
Job 704358353222671, Program [2 4 1 2 7 5 4 3 0 3 1 7 5 5 3 0], out [2 4 1 2 7 5 4 3 0 3 1 7 5 4 5 1 5], delta on 13
Job 708756399733775, Program [2 4 1 2 7 5 4 3 0 3 1 7 5 5 3 0], out [2 4 1 2 7 5 4 3 0 3 1 7 5 5 0 1 5], delta on 14
Job 713154446244879, Program [2 4 1 2 7 5 4 3 0 3 1 7 5 5 3 0], out [2 4 1 2 7 5 4 3 0 3 1 7 5 6 5 1 5], delta on 13
Job 717552492755983, Program [2 4 1 2 7 5 4 3 0 3 1 7 5 5 3 0], out [2 4 1 2 7 5 4 3 0 3 1 7 5 7 7 1 5], delta on 13
Job 721950539267087, Program [2 4 1 2 7 5 4 3 0 3 1 7 5 5 3 0], out [2 4 1 2 7 5 4 3 0 3 1 7 5 0 3 1 5], delta on 13
Job 726348585778191, Program [2 4 1 2 7 5 4 3 0 3 1 7 5 5 3 0], out [2 4 1 2 7 5 4 3 0 3 1 7 5 1 1 1 5], delta on 13
Job 730746632289295, Program [2 4 1 2 7 5 4 3 0 3 1 7 5 5 3 0], out [2 4 1 2 7 5 4 3 0 3 1 7 5 2 1 1 5], delta on 13
Job 735144678800399, Program [2 4 1 2 7 5 4 3 0 3 1 7 5 5 3 0], out [2 4 1 2 7 5 4 3 0 3 1 7 5 3 7 1 5], delta on 13
Job 739542725311503, Program [2 4 1 2 7 5 4 3 0 3 1 7 5 5 3 0], out [2 4 1 2 7 5 4 3 0 3 1 7 5 4 7 0 5], delta on 13
Job 743940771822607, Program [2 4 1 2 7 5 4 3 0 3 1 7 5 5 3 0], out [2 4 1 2 7 5 4 3 0 3 1 7 5 5 1 0 5], delta on 14
Job 748338818333711, Program [2 4 1 2 7 5 4 3 0 3 1 7 5 5 3 0], out [2 4 1 2 7 5 4 3 0 3 1 7 5 6 5 0 5], delta on 13
Job 752736864844815, Program [2 4 1 2 7 5 4 3 0 3 1 7 5 5 3 0], out [2 4 1 2 7 5 4 3 0 3 1 7 5 7 3 0 5], delta on 13
Job 757134911355919, Program [2 4 1 2 7 5 4 3 0 3 1 7 5 5 3 0], out [2 4 1 2 7 5 4 3 0 3 1 7 5 0 3 0 5], delta on 13
Job 761532957867023, Program [2 4 1 2 7 5 4 3 0 3 1 7 5 5 3 0], out [2 4 1 2 7 5 4 3 0 3 1 7 5 1 1 0 5], delta on 13
Job 765931004378127, Program [2 4 1 2 7 5 4 3 0 3 1 7 5 5 3 0], out [2 4 1 2 7 5 4 3 0 3 1 7 5 2 1 0 5], delta on 13
Job 770329050889231, Program [2 4 1 2 7 5 4 3 0 3 1 7 5 5 3 0], out [2 4 1 2 7 5 4 3 0 3 1 7 5 3 7 0 5], delta on 13
Job 774727097400335, Program [2 4 1 2 7 5 4 3 0 3 1 7 5 5 3 0], out [2 4 1 2 7 5 4 3 0 3 1 7 5 4 1 2 5], delta on 13
Job 779125143911439, Program [2 4 1 2 7 5 4 3 0 3 1 7 5 5 3 0], out [2 4 1 2 7 5 4 3 0 3 1 7 5 5 2 2 5], delta on 14
Job 783523190422543, Program [2 4 1 2 7 5 4 3 0 3 1 7 5 5 3 0], out [2 4 1 2 7 5 4 3 0 3 1 7 5 6 5 2 5], delta on 13
Job 787921236933647, Program [2 4 1 2 7 5 4 3 0 3 1 7 5 5 3 0], out [2 4 1 2 7 5 4 3 0 3 1 7 5 7 7 2 5], delta on 13
Job 792319283444751, Program [2 4 1 2 7 5 4 3 0 3 1 7 5 5 3 0], out [2 4 1 2 7 5 4 3 0 3 1 7 5 0 3 2 5], delta on 13
Job 796717329955855, Program [2 4 1 2 7 5 4 3 0 3 1 7 5 5 3 0], out [2 4 1 2 7 5 4 3 0 3 1 7 5 1 1 2 5], delta on 13
Job 801115376466959, Program [2 4 1 2 7 5 4 3 0 3 1 7 5 5 3 0], out [2 4 1 2 7 5 4 3 0 3 1 7 5 2 0 2 5], delta on 13
Job 805513422978063, Program [2 4 1 2 7 5 4 3 0 3 1 7 5 5 3 0], out [2 4 1 2 7 5 4 3 0 3 1 7 5 3 7 2 5], delta on 13
Job 809911469489167, Program [2 4 1 2 7 5 4 3 0 3 1 7 5 5 3 0], out [2 4 1 2 7 5 4 3 0 3 1 7 5 4 3 2 5], delta on 13
Job 814309516000271, Program [2 4 1 2 7 5 4 3 0 3 1 7 5 5 3 0], out [2 4 1 2 7 5 4 3 0 3 1 7 5 5 3 2 5], delta on 15
Job 818707562511375, Program [2 4 1 2 7 5 4 3 0 3 1 7 5 5 3 0], out [2 4 1 2 7 5 4 3 0 3 1 7 5 6 5 2 5], delta on 13
Job 823105609022479, Program [2 4 1 2 7 5 4 3 0 3 1 7 5 5 3 0], out [2 4 1 2 7 5 4 3 0 3 1 7 5 7 3 2 5], delta on 13
Job 827503655533583, Program [2 4 1 2 7 5 4 3 0 3 1 7 5 5 3 0], out [2 4 1 2 7 5 4 3 0 3 1 7 5 0 3 2 5], delta on 13
Job 831901702044687, Program [2 4 1 2 7 5 4 3 0 3 1 7 5 5 3 0], out [2 4 1 2 7 5 4 3 0 3 1 7 5 1 1 2 5], delta on 13
Job 836299748555791, Program [2 4 1 2 7 5 4 3 0 3 1 7 5 5 3 0], out [2 4 1 2 7 5 4 3 0 3 1 7 5 2 0 2 5], delta on 13
Job 840697795066895, Program [2 4 1 2 7 5 4 3 0 3 1 7 5 5 3 0], out [2 4 1 2 7 5 4 3 0 3 1 7 5 3 7 2 5], delta on 13
Job 845095841577999, Program [2 4 1 2 7 5 4 3 0 3 1 7 5 5 3 0], out [2 4 1 2 7 5 4 3 0 3 1 7 5 4 5 3 7], delta on 13
Job 849493888089103, Program [2 4 1 2 7 5 4 3 0 3 1 7 5 5 3 0], out [2 4 1 2 7 5 4 3 0 3 1 7 5 5 4 3 7], delta on 14
Job 853891934600207, Program [2 4 1 2 7 5 4 3 0 3 1 7 5 5 3 0], out [2 4 1 2 7 5 4 3 0 3 1 7 5 6 5 3 7], delta on 13
Job 858289981111311, Program [2 4 1 2 7 5 4 3 0 3 1 7 5 5 3 0], out [2 4 1 2 7 5 4 3 0 3 1 7 5 7 7 3 7], delta on 13
Job 862688027622415, Program [2 4 1 2 7 5 4 3 0 3 1 7 5 5 3 0], out [2 4 1 2 7 5 4 3 0 3 1 7 5 0 2 3 7], delta on 13
Job 867086074133519, Program [2 4 1 2 7 5 4 3 0 3 1 7 5 5 3 0], out [2 4 1 2 7 5 4 3 0 3 1 7 5 1 1 3 7], delta on 13
Job 871484120644623, Program [2 4 1 2 7 5 4 3 0 3 1 7 5 5 3 0], out [2 4 1 2 7 5 4 3 0 3 1 7 5 2 7 3 7], delta on 13
Job 875882167155727, Program [2 4 1 2 7 5 4 3 0 3 1 7 5 5 3 0], out [2 4 1 2 7 5 4 3 0 3 1 7 5 3 4 3 7], delta on 13
Job 880280213666831, Program [2 4 1 2 7 5 4 3 0 3 1 7 5 5 3 0], out [2 4 1 2 7 5 4 3 0 3 1 7 5 4 7 7 7], delta on 13
Job 884678260177935, Program [2 4 1 2 7 5 4 3 0 3 1 7 5 5 3 0], out [2 4 1 2 7 5 4 3 0 3 1 7 5 5 5 7 7], delta on 14
Job 889076306689039, Program [2 4 1 2 7 5 4 3 0 3 1 7 5 5 3 0], out [2 4 1 2 7 5 4 3 0 3 1 7 5 6 5 7 7], delta on 13
Job 893474353200143, Program [2 4 1 2 7 5 4 3 0 3 1 7 5 5 3 0], out [2 4 1 2 7 5 4 3 0 3 1 7 5 7 3 7 7], delta on 13
Job 897872399711247, Program [2 4 1 2 7 5 4 3 0 3 1 7 5 5 3 0], out [2 4 1 2 7 5 4 3 0 3 1 7 5 0 2 7 7], delta on 13
Job 902270446222351, Program [2 4 1 2 7 5 4 3 0 3 1 7 5 5 3 0], out [2 4 1 2 7 5 4 3 0 3 1 7 5 1 1 7 7], delta on 13
Job 906668492733455, Program [2 4 1 2 7 5 4 3 0 3 1 7 5 5 3 0], out [2 4 1 2 7 5 4 3 0 3 1 7 5 2 7 7 7], delta on 13
Job 911066539244559, Program [2 4 1 2 7 5 4 3 0 3 1 7 5 5 3 0], out [2 4 1 2 7 5 4 3 0 3 1 7 5 3 4 7 7], delta on 13
Job 915464585755663, Program [2 4 1 2 7 5 4 3 0 3 1 7 5 5 3 0], out [2 4 1 2 7 5 4 3 0 3 1 7 5 4 1 5 7], delta on 13
Job 919862632266767, Program [2 4 1 2 7 5 4 3 0 3 1 7 5 5 3 0], out [2 4 1 2 7 5 4 3 0 3 1 7 5 5 6 5 7], delta on 14
Job 924260678777871, Program [2 4 1 2 7 5 4 3 0 3 1 7 5 5 3 0], out [2 4 1 2 7 5 4 3 0 3 1 7 5 6 5 5 7], delta on 13
Job 928658725288975, Program [2 4 1 2 7 5 4 3 0 3 1 7 5 5 3 0], out [2 4 1 2 7 5 4 3 0 3 1 7 5 7 7 5 7], delta on 13
Job 933056771800079, Program [2 4 1 2 7 5 4 3 0 3 1 7 5 5 3 0], out [2 4 1 2 7 5 4 3 0 3 1 7 5 0 2 5 7], delta on 13
Job 937454818311183, Program [2 4 1 2 7 5 4 3 0 3 1 7 5 5 3 0], out [2 4 1 2 7 5 4 3 0 3 1 7 5 1 1 5 7], delta on 13
Job 941852864822287, Program [2 4 1 2 7 5 4 3 0 3 1 7 5 5 3 0], out [2 4 1 2 7 5 4 3 0 3 1 7 5 2 6 5 7], delta on 13
Job 946250911333391, Program [2 4 1 2 7 5 4 3 0 3 1 7 5 5 3 0], out [2 4 1 2 7 5 4 3 0 3 1 7 5 3 4 5 7], delta on 13
Job 950648957844495, Program [2 4 1 2 7 5 4 3 0 3 1 7 5 5 3 0], out [2 4 1 2 7 5 4 3 0 3 1 7 5 4 3 3 7], delta on 13
Job 955047004355599, Program [2 4 1 2 7 5 4 3 0 3 1 7 5 5 3 0], out [2 4 1 2 7 5 4 3 0 3 1 7 5 5 7 3 7], delta on 14
Job 959445050866703, Program [2 4 1 2 7 5 4 3 0 3 1 7 5 5 3 0], out [2 4 1 2 7 5 4 3 0 3 1 7 5 6 5 3 7], delta on 13
Job 963843097377807, Program [2 4 1 2 7 5 4 3 0 3 1 7 5 5 3 0], out [2 4 1 2 7 5 4 3 0 3 1 7 5 7 3 3 7], delta on 13
Job 968241143888911, Program [2 4 1 2 7 5 4 3 0 3 1 7 5 5 3 0], out [2 4 1 2 7 5 4 3 0 3 1 7 5 0 2 3 7], delta on 13
Job 972639190400015, Program [2 4 1 2 7 5 4 3 0 3 1 7 5 5 3 0], out [2 4 1 2 7 5 4 3 0 3 1 7 5 1 1 3 7], delta on 13
Job 977037236911119, Program [2 4 1 2 7 5 4 3 0 3 1 7 5 5 3 0], out [2 4 1 2 7 5 4 3 0 3 1 7 5 2 6 3 7], delta on 13
Job 981435283422223, Program [2 4 1 2 7 5 4 3 0 3 1 7 5 5 3 0], out [2 4 1 2 7 5 4 3 0 3 1 7 5 3 4 3 7], delta on 13
Job 985833329933327, Program [2 4 1 2 7 5 4 3 0 3 1 7 5 5 3 0], out [2 4 1 2 7 5 4 3 0 3 1 7 5 4 5 1 7], delta on 13
Job 990231376444431, Program [2 4 1 2 7 5 4 3 0 3 1 7 5 5 3 0], out [2 4 1 2 7 5 4 3 0 3 1 7 5 5 0 1 7], delta on 14
Job 994629422955535, Program [2 4 1 2 7 5 4 3 0 3 1 7 5 5 3 0], out [2 4 1 2 7 5 4 3 0 3 1 7 5 6 5 1 7], delta on 13
Job 999027469466639, Program [2 4 1 2 7 5 4 3 0 3 1 7 5 5 3 0], out [2 4 1 2 7 5 4 3 0 3 1 7 5 7 7 1 7], delta on 13
Job 1003425515977743, Program [2 4 1 2 7 5 4 3 0 3 1 7 5 5 3 0], out [2 4 1 2 7 5 4 3 0 3 1 7 5 0 2 1 7], delta on 13
Job 1007823562488847, Program [2 4 1 2 7 5 4 3 0 3 1 7 5 5 3 0], out [2 4 1 2 7 5 4 3 0 3 1 7 5 1 1 1 7], delta on 13
Job 1012221608999951, Program [2 4 1 2 7 5 4 3 0 3 1 7 5 5 3 0], out [2 4 1 2 7 5 4 3 0 3 1 7 5 2 5 1 7], delta on 13
Job 1016619655511055, Program [2 4 1 2 7 5 4 3 0 3 1 7 5 5 3 0], out [2 4 1 2 7 5 4 3 0 3 1 7 5 3 5 1 7], delta on 13
Job 1021017702022159, Program [2 4 1 2 7 5 4 3 0 3 1 7 5 5 3 0], out [2 4 1 2 7 5 4 3 0 3 1 7 5 4 7 0 7], delta on 13
Job 1025415748533263, Program [2 4 1 2 7 5 4 3 0 3 1 7 5 5 3 0], out [2 4 1 2 7 5 4 3 0 3 1 7 5 5 1 0 7], delta on 14
Job 1029813795044367, Program [2 4 1 2 7 5 4 3 0 3 1 7 5 5 3 0], out [2 4 1 2 7 5 4 3 0 3 1 7 5 6 5 0 7], delta on 13
Job 1034211841555471, Program [2 4 1 2 7 5 4 3 0 3 1 7 5 5 3 0], out [2 4 1 2 7 5 4 3 0 3 1 7 5 7 3 0 7], delta on 13
Job 1038609888066575, Program [2 4 1 2 7 5 4 3 0 3 1 7 5 5 3 0], out [2 4 1 2 7 5 4 3 0 3 1 7 5 0 2 0 7], delta on 13
Job 1043007934577679, Program [2 4 1 2 7 5 4 3 0 3 1 7 5 5 3 0], out [2 4 1 2 7 5 4 3 0 3 1 7 5 1 1 0 7], delta on 13
Job 1047405981088783, Program [2 4 1 2 7 5 4 3 0 3 1 7 5 5 3 0], out [2 4 1 2 7 5 4 3 0 3 1 7 5 2 5 0 7], delta on 13
Job 1051804027599887, Program [2 4 1 2 7 5 4 3 0 3 1 7 5 5 3 0], out [2 4 1 2 7 5 4 3 0 3 1 7 5 3 5 0 7], delta on 13
Job 1056202074110991, Program [2 4 1 2 7 5 4 3 0 3 1 7 5 5 3 0], out [2 4 1 2 7 5 4 3 0 3 1 7 5 4 1 2 7], delta on 13
Job 1060600120622095, Program [2 4 1 2 7 5 4 3 0 3 1 7 5 5 3 0], out [2 4 1 2 7 5 4 3 0 3 1 7 5 5 2 2 7], delta on 14
Job 1064998167133199, Program [2 4 1 2 7 5 4 3 0 3 1 7 5 5 3 0], out [2 4 1 2 7 5 4 3 0 3 1 7 5 6 5 2 7], delta on 13
Job 1069396213644303, Program [2 4 1 2 7 5 4 3 0 3 1 7 5 5 3 0], out [2 4 1 2 7 5 4 3 0 3 1 7 5 7 7 2 7], delta on 13
Job 1073794260155407, Program [2 4 1 2 7 5 4 3 0 3 1 7 5 5 3 0], out [2 4 1 2 7 5 4 3 0 3 1 7 5 0 2 2 7], delta on 13
Job 1078192306666511, Program [2 4 1 2 7 5 4 3 0 3 1 7 5 5 3 0], out [2 4 1 2 7 5 4 3 0 3 1 7 5 1 1 2 7], delta on 13
Job 1082590353177615, Program [2 4 1 2 7 5 4 3 0 3 1 7 5 5 3 0], out [2 4 1 2 7 5 4 3 0 3 1 7 5 2 4 2 7], delta on 13
Job 1086988399688719, Program [2 4 1 2 7 5 4 3 0 3 1 7 5 5 3 0], out [2 4 1 2 7 5 4 3 0 3 1 7 5 3 5 2 7], delta on 13
Job 1091386446199823, Program [2 4 1 2 7 5 4 3 0 3 1 7 5 5 3 0], out [2 4 1 2 7 5 4 3 0 3 1 7 5 4 3 2 7], delta on 13
Job 1095784492710927, Program [2 4 1 2 7 5 4 3 0 3 1 7 5 5 3 0], out [2 4 1 2 7 5 4 3 0 3 1 7 5 5 3 2 7], delta on 15
Job 1100182539222031, Program [2 4 1 2 7 5 4 3 0 3 1 7 5 5 3 0], out [2 4 1 2 7 5 4 3 0 3 1 7 5 6 5 2 7], delta on 13
Job 1104580585733135, Program [2 4 1 2 7 5 4 3 0 3 1 7 5 5 3 0], out [2 4 1 2 7 5 4 3 0 3 1 7 5 7 3 2 7], delta on 13
Job 1108978632244239, Program [2 4 1 2 7 5 4 3 0 3 1 7 5 5 3 0], out [2 4 1 2 7 5 4 3 0 3 1 7 5 0 2 2 7], delta on 13
Job 1113376678755343, Program [2 4 1 2 7 5 4 3 0 3 1 7 5 5 3 0], out [2 4 1 2 7 5 4 3 0 3 1 7 5 1 1 2 7], delta on 13
Job 1117774725266447, Program [2 4 1 2 7 5 4 3 0 3 1 7 5 5 3 0], out [2 4 1 2 7 5 4 3 0 3 1 7 5 2 4 2 7], delta on 13
Job 1122172771777551, Program [2 4 1 2 7 5 4 3 0 3 1 7 5 5 3 0], out [2 4 1 2 7 5 4 3 0 3 1 7 5 3 5 2 7], delta on 13
Job 1126570818288655, Program [2 4 1 2 7 5 4 3 0 3 1 7 5 5 3 0], out [2 4 1 2 7 5 4 3 0 3 1 7 5 4 5 5 1], delta on 13
Job 1130968864799759, Program [2 4 1 2 7 5 4 3 0 3 1 7 5 5 3 0], out [2 4 1 2 7 5 4 3 0 3 1 7 5 5 4 5 1], delta on 14
Job 1135366911310863, Program [2 4 1 2 7 5 4 3 0 3 1 7 5 5 3 0], out [2 4 1 2 7 5 4 3 0 3 1 7 5 6 5 5 1], delta on 13
Job 1139764957821967, Program [2 4 1 2 7 5 4 3 0 3 1 7 5 5 3 0], out [2 4 1 2 7 5 4 3 0 3 1 7 5 7 7 5 1], delta on 13
Job 1144163004333071, Program [2 4 1 2 7 5 4 3 0 3 1 7 5 5 3 0], out [2 4 1 2 7 5 4 3 0 3 1 7 5 0 5 5 1], delta on 13
Job 1148561050844175, Program [2 4 1 2 7 5 4 3 0 3 1 7 5 5 3 0], out [2 4 1 2 7 5 4 3 0 3 1 7 5 1 2 5 1], delta on 13
Job 1152959097355279, Program [2 4 1 2 7 5 4 3 0 3 1 7 5 5 3 0], out [2 4 1 2 7 5 4 3 0 3 1 7 5 2 3 5 1], delta on 13
Job 1157357143866383, Program [2 4 1 2 7 5 4 3 0 3 1 7 5 5 3 0], out [2 4 1 2 7 5 4 3 0 3 1 7 5 3 2 5 1], delta on 13
Job 1161755190377487, Program [2 4 1 2 7 5 4 3 0 3 1 7 5 5 3 0], out [2 4 1 2 7 5 4 3 0 3 1 7 5 4 7 0 1], delta on 13
Job 1166153236888591, Program [2 4 1 2 7 5 4 3 0 3 1 7 5 5 3 0], out [2 4 1 2 7 5 4 3 0 3 1 7 5 5 5 0 1], delta on 14
Job 1170551283399695, Program [2 4 1 2 7 5 4 3 0 3 1 7 5 5 3 0], out [2 4 1 2 7 5 4 3 0 3 1 7 5 6 5 0 1], delta on 13
Job 1174949329910799, Program [2 4 1 2 7 5 4 3 0 3 1 7 5 5 3 0], out [2 4 1 2 7 5 4 3 0 3 1 7 5 7 3 0 1], delta on 13
Job 1179347376421903, Program [2 4 1 2 7 5 4 3 0 3 1 7 5 5 3 0], out [2 4 1 2 7 5 4 3 0 3 1 7 5 0 5 0 1], delta on 13
Job 1183745422933007, Program [2 4 1 2 7 5 4 3 0 3 1 7 5 5 3 0], out [2 4 1 2 7 5 4 3 0 3 1 7 5 1 2 0 1], delta on 13
Job 1188143469444111, Program [2 4 1 2 7 5 4 3 0 3 1 7 5 5 3 0], out [2 4 1 2 7 5 4 3 0 3 1 7 5 2 3 0 1], delta on 13
Job 1192541515955215, Program [2 4 1 2 7 5 4 3 0 3 1 7 5 5 3 0], out [2 4 1 2 7 5 4 3 0 3 1 7 5 3 2 0 1], delta on 13
Job 1196939562466319, Program [2 4 1 2 7 5 4 3 0 3 1 7 5 5 3 0], out [2 4 1 2 7 5 4 3 0 3 1 7 5 4 1 5 1], delta on 13
Job 1201337608977423, Program [2 4 1 2 7 5 4 3 0 3 1 7 5 5 3 0], out [2 4 1 2 7 5 4 3 0 3 1 7 5 5 6 5 1], delta on 14
Job 1205735655488527, Program [2 4 1 2 7 5 4 3 0 3 1 7 5 5 3 0], out [2 4 1 2 7 5 4 3 0 3 1 7 5 6 5 5 1], delta on 13
Job 1210133701999631, Program [2 4 1 2 7 5 4 3 0 3 1 7 5 5 3 0], out [2 4 1 2 7 5 4 3 0 3 1 7 5 7 7 5 1], delta on 13
Job 1214531748510735, Program [2 4 1 2 7 5 4 3 0 3 1 7 5 5 3 0], out [2 4 1 2 7 5 4 3 0 3 1 7 5 0 5 5 1], delta on 13
Job 1218929795021839, Program [2 4 1 2 7 5 4 3 0 3 1 7 5 5 3 0], out [2 4 1 2 7 5 4 3 0 3 1 7 5 1 2 5 1], delta on 13
Job 1223327841532943, Program [2 4 1 2 7 5 4 3 0 3 1 7 5 5 3 0], out [2 4 1 2 7 5 4 3 0 3 1 7 5 2 2 5 1], delta on 13
Job 1227725888044047, Program [2 4 1 2 7 5 4 3 0 3 1 7 5 5 3 0], out [2 4 1 2 7 5 4 3 0 3 1 7 5 3 2 5 1], delta on 13
Job 1232123934555151, Program [2 4 1 2 7 5 4 3 0 3 1 7 5 5 3 0], out [2 4 1 2 7 5 4 3 0 3 1 7 5 4 3 7 1], delta on 13
Job 1236521981066255, Program [2 4 1 2 7 5 4 3 0 3 1 7 5 5 3 0], out [2 4 1 2 7 5 4 3 0 3 1 7 5 5 7 7 1], delta on 14
Job 1240920027577359, Program [2 4 1 2 7 5 4 3 0 3 1 7 5 5 3 0], out [2 4 1 2 7 5 4 3 0 3 1 7 5 6 5 7 1], delta on 13
Job 1245318074088463, Program [2 4 1 2 7 5 4 3 0 3 1 7 5 5 3 0], out [2 4 1 2 7 5 4 3 0 3 1 7 5 7 3 7 1], delta on 13
Job 1249716120599567, Program [2 4 1 2 7 5 4 3 0 3 1 7 5 5 3 0], out [2 4 1 2 7 5 4 3 0 3 1 7 5 0 5 7 1], delta on 13
Job 1254114167110671, Program [2 4 1 2 7 5 4 3 0 3 1 7 5 5 3 0], out [2 4 1 2 7 5 4 3 0 3 1 7 5 1 2 7 1], delta on 13
Job 1258512213621775, Program [2 4 1 2 7 5 4 3 0 3 1 7 5 5 3 0], out [2 4 1 2 7 5 4 3 0 3 1 7 5 2 2 7 1], delta on 13
Job 1262910260132879, Program [2 4 1 2 7 5 4 3 0 3 1 7 5 5 3 0], out [2 4 1 2 7 5 4 3 0 3 1 7 5 3 2 7 1], delta on 13
Job 1267308306643983, Program [2 4 1 2 7 5 4 3 0 3 1 7 5 5 3 0], out [2 4 1 2 7 5 4 3 0 3 1 7 5 4 5 1 1], delta on 13
Job 1271706353155087, Program [2 4 1 2 7 5 4 3 0 3 1 7 5 5 3 0], out [2 4 1 2 7 5 4 3 0 3 1 7 5 5 0 1 1], delta on 14
Job 1276104399666191, Program [2 4 1 2 7 5 4 3 0 3 1 7 5 5 3 0], out [2 4 1 2 7 5 4 3 0 3 1 7 5 6 5 1 1], delta on 13
Job 1280502446177295, Program [2 4 1 2 7 5 4 3 0 3 1 7 5 5 3 0], out [2 4 1 2 7 5 4 3 0 3 1 7 5 7 7 1 1], delta on 13
Job 1284900492688399, Program [2 4 1 2 7 5 4 3 0 3 1 7 5 5 3 0], out [2 4 1 2 7 5 4 3 0 3 1 7 5 0 5 1 1], delta on 13
Job 1289298539199503, Program [2 4 1 2 7 5 4 3 0 3 1 7 5 5 3 0], out [2 4 1 2 7 5 4 3 0 3 1 7 5 1 2 1 1], delta on 13
Job 1293696585710607, Program [2 4 1 2 7 5 4 3 0 3 1 7 5 5 3 0], out [2 4 1 2 7 5 4 3 0 3 1 7 5 2 1 1 1], delta on 13
Job 1298094632221711, Program [2 4 1 2 7 5 4 3 0 3 1 7 5 5 3 0], out [2 4 1 2 7 5 4 3 0 3 1 7 5 3 3 1 1], delta on 13
Job 1302492678732815, Program [2 4 1 2 7 5 4 3 0 3 1 7 5 5 3 0], out [2 4 1 2 7 5 4 3 0 3 1 7 5 4 7 0 1], delta on 13
Job 1306890725243919, Program [2 4 1 2 7 5 4 3 0 3 1 7 5 5 3 0], out [2 4 1 2 7 5 4 3 0 3 1 7 5 5 1 0 1], delta on 14
Job 1311288771755023, Program [2 4 1 2 7 5 4 3 0 3 1 7 5 5 3 0], out [2 4 1 2 7 5 4 3 0 3 1 7 5 6 5 0 1], delta on 13
Job 1315686818266127, Program [2 4 1 2 7 5 4 3 0 3 1 7 5 5 3 0], out [2 4 1 2 7 5 4 3 0 3 1 7 5 7 3 0 1], delta on 13
Job 1320084864777231, Program [2 4 1 2 7 5 4 3 0 3 1 7 5 5 3 0], out [2 4 1 2 7 5 4 3 0 3 1 7 5 0 5 0 1], delta on 13
Job 1324482911288335, Program [2 4 1 2 7 5 4 3 0 3 1 7 5 5 3 0], out [2 4 1 2 7 5 4 3 0 3 1 7 5 1 2 0 1], delta on 13
Job 1328880957799439, Program [2 4 1 2 7 5 4 3 0 3 1 7 5 5 3 0], out [2 4 1 2 7 5 4 3 0 3 1 7 5 2 1 0 1], delta on 13
Job 1333279004310543, Program [2 4 1 2 7 5 4 3 0 3 1 7 5 5 3 0], out [2 4 1 2 7 5 4 3 0 3 1 7 5 3 3 0 1], delta on 13
Job 1337677050821647, Program [2 4 1 2 7 5 4 3 0 3 1 7 5 5 3 0], out [2 4 1 2 7 5 4 3 0 3 1 7 5 4 1 1 1], delta on 13
Job 1342075097332751, Program [2 4 1 2 7 5 4 3 0 3 1 7 5 5 3 0], out [2 4 1 2 7 5 4 3 0 3 1 7 5 5 2 1 1], delta on 14
Job 1346473143843855, Program [2 4 1 2 7 5 4 3 0 3 1 7 5 5 3 0], out [2 4 1 2 7 5 4 3 0 3 1 7 5 6 5 1 1], delta on 13
Job 1350871190354959, Program [2 4 1 2 7 5 4 3 0 3 1 7 5 5 3 0], out [2 4 1 2 7 5 4 3 0 3 1 7 5 7 7 1 1], delta on 13
Job 1355269236866063, Program [2 4 1 2 7 5 4 3 0 3 1 7 5 5 3 0], out [2 4 1 2 7 5 4 3 0 3 1 7 5 0 5 1 1], delta on 13
Job 1359667283377167, Program [2 4 1 2 7 5 4 3 0 3 1 7 5 5 3 0], out [2 4 1 2 7 5 4 3 0 3 1 7 5 1 2 1 1], delta on 13
Job 1364065329888271, Program [2 4 1 2 7 5 4 3 0 3 1 7 5 5 3 0], out [2 4 1 2 7 5 4 3 0 3 1 7 5 2 0 1 1], delta on 13
Job 1368463376399375, Program [2 4 1 2 7 5 4 3 0 3 1 7 5 5 3 0], out [2 4 1 2 7 5 4 3 0 3 1 7 5 3 3 1 1], delta on 13
Job 1372861422910479, Program [2 4 1 2 7 5 4 3 0 3 1 7 5 5 3 0], out [2 4 1 2 7 5 4 3 0 3 1 7 5 4 3 3 1], delta on 13
Job 1377259469421583, Program [2 4 1 2 7 5 4 3 0 3 1 7 5 5 3 0], out [2 4 1 2 7 5 4 3 0 3 1 7 5 5 3 3 1], delta on 15
Job 1381657515932687, Program [2 4 1 2 7 5 4 3 0 3 1 7 5 5 3 0], out [2 4 1 2 7 5 4 3 0 3 1 7 5 6 5 3 1], delta on 13
Job 1386055562443791, Program [2 4 1 2 7 5 4 3 0 3 1 7 5 5 3 0], out [2 4 1 2 7 5 4 3 0 3 1 7 5 7 3 3 1], delta on 13
Job 1390453608954895, Program [2 4 1 2 7 5 4 3 0 3 1 7 5 5 3 0], out [2 4 1 2 7 5 4 3 0 3 1 7 5 0 5 3 1], delta on 13
Job 1394851655465999, Program [2 4 1 2 7 5 4 3 0 3 1 7 5 5 3 0], out [2 4 1 2 7 5 4 3 0 3 1 7 5 1 2 3 1], delta on 13
Job 1399249701977103, Program [2 4 1 2 7 5 4 3 0 3 1 7 5 5 3 0], out [2 4 1 2 7 5 4 3 0 3 1 7 5 2 0 3 1], delta on 13
Job 1403647748488207, Program [2 4 1 2 7 5 4 3 0 3 1 7 5 5 3 0], out [2 4 1 2 7 5 4 3 0 3 1 7 5 3 3 3 1], delta on 13
Job 1408045794999311, Program [2 4 1 2 7 5 4 3 0 3 1 7 5 5 3 0], out [2 4 1 2 7 5 4 3 0 3 1 7 5 4 5 7 0], delta on 13
Job 1412443841510415, Program [2 4 1 2 7 5 4 3 0 3 1 7 5 5 3 0], out [2 4 1 2 7 5 4 3 0 3 1 7 5 5 4 7 0], delta on 14
Job 1416841888021519, Program [2 4 1 2 7 5 4 3 0 3 1 7 5 5 3 0], out [2 4 1 2 7 5 4 3 0 3 1 7 5 6 5 7 0], delta on 13
Job 1421239934532623, Program [2 4 1 2 7 5 4 3 0 3 1 7 5 5 3 0], out [2 4 1 2 7 5 4 3 0 3 1 7 5 7 7 7 0], delta on 13
Job 1425637981043727, Program [2 4 1 2 7 5 4 3 0 3 1 7 5 5 3 0], out [2 4 1 2 7 5 4 3 0 3 1 7 5 0 4 7 0], delta on 13
Job 1430036027554831, Program [2 4 1 2 7 5 4 3 0 3 1 7 5 5 3 0], out [2 4 1 2 7 5 4 3 0 3 1 7 5 1 2 7 0], delta on 13
Job 1434434074065935, Program [2 4 1 2 7 5 4 3 0 3 1 7 5 5 3 0], out [2 4 1 2 7 5 4 3 0 3 1 7 5 2 7 7 0], delta on 13
Job 1438832120577039, Program [2 4 1 2 7 5 4 3 0 3 1 7 5 5 3 0], out [2 4 1 2 7 5 4 3 0 3 1 7 5 3 0 7 0], delta on 13
Job 1443230167088143, Program [2 4 1 2 7 5 4 3 0 3 1 7 5 5 3 0], out [2 4 1 2 7 5 4 3 0 3 1 7 5 4 7 1 0], delta on 13
Job 1447628213599247, Program [2 4 1 2 7 5 4 3 0 3 1 7 5 5 3 0], out [2 4 1 2 7 5 4 3 0 3 1 7 5 5 5 1 0], delta on 14
Job 1452026260110351, Program [2 4 1 2 7 5 4 3 0 3 1 7 5 5 3 0], out [2 4 1 2 7 5 4 3 0 3 1 7 5 6 5 1 0], delta on 13
Job 1456424306621455, Program [2 4 1 2 7 5 4 3 0 3 1 7 5 5 3 0], out [2 4 1 2 7 5 4 3 0 3 1 7 5 7 3 1 0], delta on 13
Job 1460822353132559, Program [2 4 1 2 7 5 4 3 0 3 1 7 5 5 3 0], out [2 4 1 2 7 5 4 3 0 3 1 7 5 0 4 1 0], delta on 13
Job 1465220399643663, Program [2 4 1 2 7 5 4 3 0 3 1 7 5 5 3 0], out [2 4 1 2 7 5 4 3 0 3 1 7 5 1 2 1 0], delta on 13
Job 1469618446154767, Program [2 4 1 2 7 5 4 3 0 3 1 7 5 5 3 0], out [2 4 1 2 7 5 4 3 0 3 1 7 5 2 7 1 0], delta on 13
Job 1474016492665871, Program [2 4 1 2 7 5 4 3 0 3 1 7 5 5 3 0], out [2 4 1 2 7 5 4 3 0 3 1 7 5 3 0 1 0], delta on 13
Job 1478414539176975, Program [2 4 1 2 7 5 4 3 0 3 1 7 5 5 3 0], out [2 4 1 2 7 5 4 3 0 3 1 7 5 4 1 5 0], delta on 13
Job 1482812585688079, Program [2 4 1 2 7 5 4 3 0 3 1 7 5 5 3 0], out [2 4 1 2 7 5 4 3 0 3 1 7 5 5 6 5 0], delta on 14
Job 1487210632199183, Program [2 4 1 2 7 5 4 3 0 3 1 7 5 5 3 0], out [2 4 1 2 7 5 4 3 0 3 1 7 5 6 5 5 0], delta on 13
Job 1491608678710287, Program [2 4 1 2 7 5 4 3 0 3 1 7 5 5 3 0], out [2 4 1 2 7 5 4 3 0 3 1 7 5 7 7 5 0], delta on 13
Job 1496006725221391, Program [2 4 1 2 7 5 4 3 0 3 1 7 5 5 3 0], out [2 4 1 2 7 5 4 3 0 3 1 7 5 0 4 5 0], delta on 13
Job 1500404771732495, Program [2 4 1 2 7 5 4 3 0 3 1 7 5 5 3 0], out [2 4 1 2 7 5 4 3 0 3 1 7 5 1 2 5 0], delta on 13
Job 1504802818243599, Program [2 4 1 2 7 5 4 3 0 3 1 7 5 5 3 0], out [2 4 1 2 7 5 4 3 0 3 1 7 5 2 6 5 0], delta on 13
Job 1509200864754703, Program [2 4 1 2 7 5 4 3 0 3 1 7 5 5 3 0], out [2 4 1 2 7 5 4 3 0 3 1 7 5 3 0 5 0], delta on 13
Job 1513598911265807, Program [2 4 1 2 7 5 4 3 0 3 1 7 5 5 3 0], out [2 4 1 2 7 5 4 3 0 3 1 7 5 4 3 3 0], delta on 13
Job 1517996957776911, Program [2 4 1 2 7 5 4 3 0 3 1 7 5 5 3 0], out [2 4 1 2 7 5 4 3 0 3 1 7 5 5 7 3 0], delta on 14
Job 1522395004288015, Program [2 4 1 2 7 5 4 3 0 3 1 7 5 5 3 0], out [2 4 1 2 7 5 4 3 0 3 1 7 5 6 5 3 0], delta on 13
Job 1526793050799119, Program [2 4 1 2 7 5 4 3 0 3 1 7 5 5 3 0], out [2 4 1 2 7 5 4 3 0 3 1 7 5 7 3 3 0], delta on 13
Job 1531191097310223, Program [2 4 1 2 7 5 4 3 0 3 1 7 5 5 3 0], out [2 4 1 2 7 5 4 3 0 3 1 7 5 0 4 3 0], delta on 13
Job 1535589143821327, Program [2 4 1 2 7 5 4 3 0 3 1 7 5 5 3 0], out [2 4 1 2 7 5 4 3 0 3 1 7 5 1 2 3 0], delta on 13
Job 1539987190332431, Program [2 4 1 2 7 5 4 3 0 3 1 7 5 5 3 0], out [2 4 1 2 7 5 4 3 0 3 1 7 5 2 6 3 0], delta on 13
Job 1544385236843535, Program [2 4 1 2 7 5 4 3 0 3 1 7 5 5 3 0], out [2 4 1 2 7 5 4 3 0 3 1 7 5 3 0 3 0], delta on 13
Job 1548783283354639, Program [2 4 1 2 7 5 4 3 0 3 1 7 5 5 3 0], out [2 4 1 2 7 5 4 3 0 3 1 7 5 4 5 1 0], delta on 13
Job 1553181329865743, Program [2 4 1 2 7 5 4 3 0 3 1 7 5 5 3 0], out [2 4 1 2 7 5 4 3 0 3 1 7 5 5 0 1 0], delta on 14
Job 1557579376376847, Program [2 4 1 2 7 5 4 3 0 3 1 7 5 5 3 0], out [2 4 1 2 7 5 4 3 0 3 1 7 5 6 5 1 0], delta on 13
Job 1561977422887951, Program [2 4 1 2 7 5 4 3 0 3 1 7 5 5 3 0], out [2 4 1 2 7 5 4 3 0 3 1 7 5 7 7 1 0], delta on 13
Job 1566375469399055, Program [2 4 1 2 7 5 4 3 0 3 1 7 5 5 3 0], out [2 4 1 2 7 5 4 3 0 3 1 7 5 0 4 1 0], delta on 13
Job 1570773515910159, Program [2 4 1 2 7 5 4 3 0 3 1 7 5 5 3 0], out [2 4 1 2 7 5 4 3 0 3 1 7 5 1 2 1 0], delta on 13
Job 1575171562421263, Program [2 4 1 2 7 5 4 3 0 3 1 7 5 5 3 0], out [2 4 1 2 7 5 4 3 0 3 1 7 5 2 5 1 0], delta on 13
Job 1579569608932367, Program [2 4 1 2 7 5 4 3 0 3 1 7 5 5 3 0], out [2 4 1 2 7 5 4 3 0 3 1 7 5 3 1 1 0], delta on 13
Job 1583967655443471, Program [2 4 1 2 7 5 4 3 0 3 1 7 5 5 3 0], out [2 4 1 2 7 5 4 3 0 3 1 7 5 4 7 0 0], delta on 13
Job 1588365701954575, Program [2 4 1 2 7 5 4 3 0 3 1 7 5 5 3 0], out [2 4 1 2 7 5 4 3 0 3 1 7 5 5 1 0 0], delta on 14
Job 1592763748465679, Program [2 4 1 2 7 5 4 3 0 3 1 7 5 5 3 0], out [2 4 1 2 7 5 4 3 0 3 1 7 5 6 5 0 0], delta on 13
Job 1597161794976783, Program [2 4 1 2 7 5 4 3 0 3 1 7 5 5 3 0], out [2 4 1 2 7 5 4 3 0 3 1 7 5 7 3 0 0], delta on 13
Job 1601559841487887, Program [2 4 1 2 7 5 4 3 0 3 1 7 5 5 3 0], out [2 4 1 2 7 5 4 3 0 3 1 7 5 0 4 0 0], delta on 13
Job 1605957887998991, Program [2 4 1 2 7 5 4 3 0 3 1 7 5 5 3 0], out [2 4 1 2 7 5 4 3 0 3 1 7 5 1 2 0 0], delta on 13
Job 1610355934510095, Program [2 4 1 2 7 5 4 3 0 3 1 7 5 5 3 0], out [2 4 1 2 7 5 4 3 0 3 1 7 5 2 5 0 0], delta on 13
Job 1614753981021199, Program [2 4 1 2 7 5 4 3 0 3 1 7 5 5 3 0], out [2 4 1 2 7 5 4 3 0 3 1 7 5 3 1 0 0], delta on 13
Job 1619152027532303, Program [2 4 1 2 7 5 4 3 0 3 1 7 5 5 3 0], out [2 4 1 2 7 5 4 3 0 3 1 7 5 4 1 1 0], delta on 13
Job 1623550074043407, Program [2 4 1 2 7 5 4 3 0 3 1 7 5 5 3 0], out [2 4 1 2 7 5 4 3 0 3 1 7 5 5 2 1 0], delta on 14
Job 1627948120554511, Program [2 4 1 2 7 5 4 3 0 3 1 7 5 5 3 0], out [2 4 1 2 7 5 4 3 0 3 1 7 5 6 5 1 0], delta on 13
Job 1632346167065615, Program [2 4 1 2 7 5 4 3 0 3 1 7 5 5 3 0], out [2 4 1 2 7 5 4 3 0 3 1 7 5 7 7 1 0], delta on 13
Job 1636744213576719, Program [2 4 1 2 7 5 4 3 0 3 1 7 5 5 3 0], out [2 4 1 2 7 5 4 3 0 3 1 7 5 0 4 1 0], delta on 13
Job 1641142260087823, Program [2 4 1 2 7 5 4 3 0 3 1 7 5 5 3 0], out [2 4 1 2 7 5 4 3 0 3 1 7 5 1 2 1 0], delta on 13
Job 1645540306598927, Program [2 4 1 2 7 5 4 3 0 3 1 7 5 5 3 0], out [2 4 1 2 7 5 4 3 0 3 1 7 5 2 4 1 0], delta on 13
Job 1649938353110031, Program [2 4 1 2 7 5 4 3 0 3 1 7 5 5 3 0], out [2 4 1 2 7 5 4 3 0 3 1 7 5 3 1 1 0], delta on 13
Job 1654336399621135, Program [2 4 1 2 7 5 4 3 0 3 1 7 5 5 3 0], out [2 4 1 2 7 5 4 3 0 3 1 7 5 4 3 3 0], delta on 13
Job 1658734446132239, Program [2 4 1 2 7 5 4 3 0 3 1 7 5 5 3 0], out [2 4 1 2 7 5 4 3 0 3 1 7 5 5 3 3 0], delta on 15
Job 1663132492643343, Program [2 4 1 2 7 5 4 3 0 3 1 7 5 5 3 0], out [2 4 1 2 7 5 4 3 0 3 1 7 5 6 5 3 0], delta on 13
Job 1667530539154447, Program [2 4 1 2 7 5 4 3 0 3 1 7 5 5 3 0], out [2 4 1 2 7 5 4 3 0 3 1 7 5 7 3 3 0], delta on 13
Job 1671928585665551, Program [2 4 1 2 7 5 4 3 0 3 1 7 5 5 3 0], out [2 4 1 2 7 5 4 3 0 3 1 7 5 0 4 3 0], delta on 13
Job 1676326632176655, Program [2 4 1 2 7 5 4 3 0 3 1 7 5 5 3 0], out [2 4 1 2 7 5 4 3 0 3 1 7 5 1 2 3 0], delta on 13
Job 1680724678687759, Program [2 4 1 2 7 5 4 3 0 3 1 7 5 5 3 0], out [2 4 1 2 7 5 4 3 0 3 1 7 5 2 4 3 0], delta on 13
Job 1685122725198863, Program [2 4 1 2 7 5 4 3 0 3 1 7 5 5 3 0], out [2 4 1 2 7 5 4 3 0 3 1 7 5 3 1 3 0], delta on 13
Job 1689520771709967, Program [2 4 1 2 7 5 4 3 0 3 1 7 5 5 3 0], out [2 4 1 2 7 5 4 3 0 3 1 7 5 4 5 1 3], delta on 13
Job 1693918818221071, Program [2 4 1 2 7 5 4 3 0 3 1 7 5 5 3 0], out [2 4 1 2 7 5 4 3 0 3 1 7 5 5 4 1 3], delta on 14
Job 1698316864732175, Program [2 4 1 2 7 5 4 3 0 3 1 7 5 5 3 0], out [2 4 1 2 7 5 4 3 0 3 1 7 5 6 5 1 3], delta on 13
Job 1702714911243279, Program [2 4 1 2 7 5 4 3 0 3 1 7 5 5 3 0], out [2 4 1 2 7 5 4 3 0 3 1 7 5 7 7 1 3], delta on 13
Job 1707112957754383, Program [2 4 1 2 7 5 4 3 0 3 1 7 5 5 3 0], out [2 4 1 2 7 5 4 3 0 3 1 7 5 0 7 1 3], delta on 13
Job 1711511004265487, Program [2 4 1 2 7 5 4 3 0 3 1 7 5 5 3 0], out [2 4 1 2 7 5 4 3 0 3 1 7 5 1 3 1 3], delta on 13
Job 1715909050776591, Program [2 4 1 2 7 5 4 3 0 3 1 7 5 5 3 0], out [2 4 1 2 7 5 4 3 0 3 1 7 5 2 3 1 3], delta on 13
Job 1720307097287695, Program [2 4 1 2 7 5 4 3 0 3 1 7 5 5 3 0], out [2 4 1 2 7 5 4 3 0 3 1 7 5 3 6 1 3], delta on 13
Job 1724705143798799, Program [2 4 1 2 7 5 4 3 0 3 1 7 5 5 3 0], out [2 4 1 2 7 5 4 3 0 3 1 7 5 4 7 2 3], delta on 13
Job 1729103190309903, Program [2 4 1 2 7 5 4 3 0 3 1 7 5 5 3 0], out [2 4 1 2 7 5 4 3 0 3 1 7 5 5 5 2 3], delta on 14
Job 1733501236821007, Program [2 4 1 2 7 5 4 3 0 3 1 7 5 5 3 0], out [2 4 1 2 7 5 4 3 0 3 1 7 5 6 5 2 3], delta on 13
Job 1737899283332111, Program [2 4 1 2 7 5 4 3 0 3 1 7 5 5 3 0], out [2 4 1 2 7 5 4 3 0 3 1 7 5 7 3 2 3], delta on 13
Job 1742297329843215, Program [2 4 1 2 7 5 4 3 0 3 1 7 5 5 3 0], out [2 4 1 2 7 5 4 3 0 3 1 7 5 0 7 2 3], delta on 13
Job 1746695376354319, Program [2 4 1 2 7 5 4 3 0 3 1 7 5 5 3 0], out [2 4 1 2 7 5 4 3 0 3 1 7 5 1 3 2 3], delta on 13
Job 1751093422865423, Program [2 4 1 2 7 5 4 3 0 3 1 7 5 5 3 0], out [2 4 1 2 7 5 4 3 0 3 1 7 5 2 3 2 3], delta on 13
Job 1755491469376527, Program [2 4 1 2 7 5 4 3 0 3 1 7 5 5 3 0], out [2 4 1 2 7 5 4 3 0 3 1 7 5 3 6 2 3], delta on 13
Job 1759889515887631, Program [2 4 1 2 7 5 4 3 0 3 1 7 5 5 3 0], out [2 4 1 2 7 5 4 3 0 3 1 7 5 4 1 5 3], delta on 13
Job 1764287562398735, Program [2 4 1 2 7 5 4 3 0 3 1 7 5 5 3 0], out [2 4 1 2 7 5 4 3 0 3 1 7 5 5 6 5 3], delta on 14
Job 1768685608909839, Program [2 4 1 2 7 5 4 3 0 3 1 7 5 5 3 0], out [2 4 1 2 7 5 4 3 0 3 1 7 5 6 5 5 3], delta on 13
Job 1773083655420943, Program [2 4 1 2 7 5 4 3 0 3 1 7 5 5 3 0], out [2 4 1 2 7 5 4 3 0 3 1 7 5 7 7 5 3], delta on 13
Job 1777481701932047, Program [2 4 1 2 7 5 4 3 0 3 1 7 5 5 3 0], out [2 4 1 2 7 5 4 3 0 3 1 7 5 0 7 5 3], delta on 13
Job 1781879748443151, Program [2 4 1 2 7 5 4 3 0 3 1 7 5 5 3 0], out [2 4 1 2 7 5 4 3 0 3 1 7 5 1 3 5 3], delta on 13
Job 1786277794954255, Program [2 4 1 2 7 5 4 3 0 3 1 7 5 5 3 0], out [2 4 1 2 7 5 4 3 0 3 1 7 5 2 2 5 3], delta on 13
Job 1790675841465359, Program [2 4 1 2 7 5 4 3 0 3 1 7 5 5 3 0], out [2 4 1 2 7 5 4 3 0 3 1 7 5 3 6 5 3], delta on 13
Job 1795073887976463, Program [2 4 1 2 7 5 4 3 0 3 1 7 5 5 3 0], out [2 4 1 2 7 5 4 3 0 3 1 7 5 4 3 7 3], delta on 13
Job 1799471934487567, Program [2 4 1 2 7 5 4 3 0 3 1 7 5 5 3 0], out [2 4 1 2 7 5 4 3 0 3 1 7 5 5 7 7 3], delta on 14
Job 1803869980998671, Program [2 4 1 2 7 5 4 3 0 3 1 7 5 5 3 0], out [2 4 1 2 7 5 4 3 0 3 1 7 5 6 5 7 3], delta on 13
Job 1808268027509775, Program [2 4 1 2 7 5 4 3 0 3 1 7 5 5 3 0], out [2 4 1 2 7 5 4 3 0 3 1 7 5 7 3 7 3], delta on 13
Job 1812666074020879, Program [2 4 1 2 7 5 4 3 0 3 1 7 5 5 3 0], out [2 4 1 2 7 5 4 3 0 3 1 7 5 0 7 7 3], delta on 13
Job 1817064120531983, Program [2 4 1 2 7 5 4 3 0 3 1 7 5 5 3 0], out [2 4 1 2 7 5 4 3 0 3 1 7 5 1 3 7 3], delta on 13
Job 1821462167043087, Program [2 4 1 2 7 5 4 3 0 3 1 7 5 5 3 0], out [2 4 1 2 7 5 4 3 0 3 1 7 5 2 2 7 3], delta on 13
Job 1825860213554191, Program [2 4 1 2 7 5 4 3 0 3 1 7 5 5 3 0], out [2 4 1 2 7 5 4 3 0 3 1 7 5 3 6 7 3], delta on 13
Job 1830258260065295, Program [2 4 1 2 7 5 4 3 0 3 1 7 5 5 3 0], out [2 4 1 2 7 5 4 3 0 3 1 7 5 4 5 1 3], delta on 13
Job 1834656306576399, Program [2 4 1 2 7 5 4 3 0 3 1 7 5 5 3 0], out [2 4 1 2 7 5 4 3 0 3 1 7 5 5 0 1 3], delta on 14
Job 1839054353087503, Program [2 4 1 2 7 5 4 3 0 3 1 7 5 5 3 0], out [2 4 1 2 7 5 4 3 0 3 1 7 5 6 5 1 3], delta on 13
Job 1843452399598607, Program [2 4 1 2 7 5 4 3 0 3 1 7 5 5 3 0], out [2 4 1 2 7 5 4 3 0 3 1 7 5 7 7 1 3], delta on 13
Job 1847850446109711, Program [2 4 1 2 7 5 4 3 0 3 1 7 5 5 3 0], out [2 4 1 2 7 5 4 3 0 3 1 7 5 0 7 1 3], delta on 13
Job 1852248492620815, Program [2 4 1 2 7 5 4 3 0 3 1 7 5 5 3 0], out [2 4 1 2 7 5 4 3 0 3 1 7 5 1 3 1 3], delta on 13
Job 1856646539131919, Program [2 4 1 2 7 5 4 3 0 3 1 7 5 5 3 0], out [2 4 1 2 7 5 4 3 0 3 1 7 5 2 1 1 3], delta on 13
Job 1861044585643023, Program [2 4 1 2 7 5 4 3 0 3 1 7 5 5 3 0], out [2 4 1 2 7 5 4 3 0 3 1 7 5 3 7 1 3], delta on 13
Job 1865442632154127, Program [2 4 1 2 7 5 4 3 0 3 1 7 5 5 3 0], out [2 4 1 2 7 5 4 3 0 3 1 7 5 4 7 0 3], delta on 13
Job 1869840678665231, Program [2 4 1 2 7 5 4 3 0 3 1 7 5 5 3 0], out [2 4 1 2 7 5 4 3 0 3 1 7 5 5 1 0 3], delta on 14
Job 1874238725176335, Program [2 4 1 2 7 5 4 3 0 3 1 7 5 5 3 0], out [2 4 1 2 7 5 4 3 0 3 1 7 5 6 5 0 3], delta on 13
Job 1878636771687439, Program [2 4 1 2 7 5 4 3 0 3 1 7 5 5 3 0], out [2 4 1 2 7 5 4 3 0 3 1 7 5 7 3 0 3], delta on 13
Job 1883034818198543, Program [2 4 1 2 7 5 4 3 0 3 1 7 5 5 3 0], out [2 4 1 2 7 5 4 3 0 3 1 7 5 0 7 0 3], delta on 13
Job 1887432864709647, Program [2 4 1 2 7 5 4 3 0 3 1 7 5 5 3 0], out [2 4 1 2 7 5 4 3 0 3 1 7 5 1 3 0 3], delta on 13
Job 1891830911220751, Program [2 4 1 2 7 5 4 3 0 3 1 7 5 5 3 0], out [2 4 1 2 7 5 4 3 0 3 1 7 5 2 1 0 3], delta on 13
Job 1896228957731855, Program [2 4 1 2 7 5 4 3 0 3 1 7 5 5 3 0], out [2 4 1 2 7 5 4 3 0 3 1 7 5 3 7 0 3], delta on 13
Job 1900627004242959, Program [2 4 1 2 7 5 4 3 0 3 1 7 5 5 3 0], out [2 4 1 2 7 5 4 3 0 3 1 7 5 4 1 0 3], delta on 13
Job 1905025050754063, Program [2 4 1 2 7 5 4 3 0 3 1 7 5 5 3 0], out [2 4 1 2 7 5 4 3 0 3 1 7 5 5 2 0 3], delta on 14
Job 1909423097265167, Program [2 4 1 2 7 5 4 3 0 3 1 7 5 5 3 0], out [2 4 1 2 7 5 4 3 0 3 1 7 5 6 5 0 3], delta on 13
Job 1913821143776271, Program [2 4 1 2 7 5 4 3 0 3 1 7 5 5 3 0], out [2 4 1 2 7 5 4 3 0 3 1 7 5 7 7 0 3], delta on 13
Job 1918219190287375, Program [2 4 1 2 7 5 4 3 0 3 1 7 5 5 3 0], out [2 4 1 2 7 5 4 3 0 3 1 7 5 0 7 0 3], delta on 13
Job 1922617236798479, Program [2 4 1 2 7 5 4 3 0 3 1 7 5 5 3 0], out [2 4 1 2 7 5 4 3 0 3 1 7 5 1 3 0 3], delta on 13
Job 1927015283309583, Program [2 4 1 2 7 5 4 3 0 3 1 7 5 5 3 0], out [2 4 1 2 7 5 4 3 0 3 1 7 5 2 0 0 3], delta on 13
Job 1931413329820687, Program [2 4 1 2 7 5 4 3 0 3 1 7 5 5 3 0], out [2 4 1 2 7 5 4 3 0 3 1 7 5 3 7 0 3], delta on 13
Job 1935811376331791, Program [2 4 1 2 7 5 4 3 0 3 1 7 5 5 3 0], out [2 4 1 2 7 5 4 3 0 3 1 7 5 4 3 3 3], delta on 13
Job 1940209422842895, Program [2 4 1 2 7 5 4 3 0 3 1 7 5 5 3 0], out [2 4 1 2 7 5 4 3 0 3 1 7 5 5 3 3 3], delta on 15
Job 1944607469353999, Program [2 4 1 2 7 5 4 3 0 3 1 7 5 5 3 0], out [2 4 1 2 7 5 4 3 0 3 1 7 5 6 5 3 3], delta on 13
Job 1949005515865103, Program [2 4 1 2 7 5 4 3 0 3 1 7 5 5 3 0], out [2 4 1 2 7 5 4 3 0 3 1 7 5 7 3 3 3], delta on 13
Job 1953403562376207, Program [2 4 1 2 7 5 4 3 0 3 1 7 5 5 3 0], out [2 4 1 2 7 5 4 3 0 3 1 7 5 0 7 3 3], delta on 13
Job 1957801608887311, Program [2 4 1 2 7 5 4 3 0 3 1 7 5 5 3 0], out [2 4 1 2 7 5 4 3 0 3 1 7 5 1 3 3 3], delta on 13
Job 1962199655398415, Program [2 4 1 2 7 5 4 3 0 3 1 7 5 5 3 0], out [2 4 1 2 7 5 4 3 0 3 1 7 5 2 0 3 3], delta on 13
Job 1966597701909519, Program [2 4 1 2 7 5 4 3 0 3 1 7 5 5 3 0], out [2 4 1 2 7 5 4 3 0 3 1 7 5 3 7 3 3], delta on 13
Job 1970995748420623, Program [2 4 1 2 7 5 4 3 0 3 1 7 5 5 3 0], out [2 4 1 2 7 5 4 3 0 3 1 7 5 4 5 3 2], delta on 13
Job 1975393794931727, Program [2 4 1 2 7 5 4 3 0 3 1 7 5 5 3 0], out [2 4 1 2 7 5 4 3 0 3 1 7 5 5 4 3 2], delta on 14
Job 1979791841442831, Program [2 4 1 2 7 5 4 3 0 3 1 7 5 5 3 0], out [2 4 1 2 7 5 4 3 0 3 1 7 5 6 5 3 2], delta on 13
Job 1984189887953935, Program [2 4 1 2 7 5 4 3 0 3 1 7 5 5 3 0], out [2 4 1 2 7 5 4 3 0 3 1 7 5 7 7 3 2], delta on 13
Job 1988587934465039, Program [2 4 1 2 7 5 4 3 0 3 1 7 5 5 3 0], out [2 4 1 2 7 5 4 3 0 3 1 7 5 0 6 3 2], delta on 13
Job 1992985980976143, Program [2 4 1 2 7 5 4 3 0 3 1 7 5 5 3 0], out [2 4 1 2 7 5 4 3 0 3 1 7 5 1 3 3 2], delta on 13
Job 1997384027487247, Program [2 4 1 2 7 5 4 3 0 3 1 7 5 5 3 0], out [2 4 1 2 7 5 4 3 0 3 1 7 5 2 7 3 2], delta on 13
Job 2001782073998351, Program [2 4 1 2 7 5 4 3 0 3 1 7 5 5 3 0], out [2 4 1 2 7 5 4 3 0 3 1 7 5 3 4 3 2], delta on 13
Job 2006180120509455, Program [2 4 1 2 7 5 4 3 0 3 1 7 5 5 3 0], out [2 4 1 2 7 5 4 3 0 3 1 7 5 4 7 3 2], delta on 13
Job 2010578167020559, Program [2 4 1 2 7 5 4 3 0 3 1 7 5 5 3 0], out [2 4 1 2 7 5 4 3 0 3 1 7 5 5 5 3 2], delta on 14
Job 2014976213531663, Program [2 4 1 2 7 5 4 3 0 3 1 7 5 5 3 0], out [2 4 1 2 7 5 4 3 0 3 1 7 5 6 5 3 2], delta on 13
Job 2019374260042767, Program [2 4 1 2 7 5 4 3 0 3 1 7 5 5 3 0], out [2 4 1 2 7 5 4 3 0 3 1 7 5 7 3 3 2], delta on 13
Job 2023772306553871, Program [2 4 1 2 7 5 4 3 0 3 1 7 5 5 3 0], out [2 4 1 2 7 5 4 3 0 3 1 7 5 0 6 3 2], delta on 13
Job 2028170353064975, Program [2 4 1 2 7 5 4 3 0 3 1 7 5 5 3 0], out [2 4 1 2 7 5 4 3 0 3 1 7 5 1 3 3 2], delta on 13
Job 2032568399576079, Program [2 4 1 2 7 5 4 3 0 3 1 7 5 5 3 0], out [2 4 1 2 7 5 4 3 0 3 1 7 5 2 7 3 2], delta on 13
Job 2036966446087183, Program [2 4 1 2 7 5 4 3 0 3 1 7 5 5 3 0], out [2 4 1 2 7 5 4 3 0 3 1 7 5 3 4 3 2], delta on 13
Job 2041364492598287, Program [2 4 1 2 7 5 4 3 0 3 1 7 5 5 3 0], out [2 4 1 2 7 5 4 3 0 3 1 7 5 4 1 5 2], delta on 13
Job 2045762539109391, Program [2 4 1 2 7 5 4 3 0 3 1 7 5 5 3 0], out [2 4 1 2 7 5 4 3 0 3 1 7 5 5 6 5 2], delta on 14
Job 2050160585620495, Program [2 4 1 2 7 5 4 3 0 3 1 7 5 5 3 0], out [2 4 1 2 7 5 4 3 0 3 1 7 5 6 5 5 2], delta on 13
Job 2054558632131599, Program [2 4 1 2 7 5 4 3 0 3 1 7 5 5 3 0], out [2 4 1 2 7 5 4 3 0 3 1 7 5 7 7 5 2], delta on 13
Job 2058956678642703, Program [2 4 1 2 7 5 4 3 0 3 1 7 5 5 3 0], out [2 4 1 2 7 5 4 3 0 3 1 7 5 0 6 5 2], delta on 13
Job 2063354725153807, Program [2 4 1 2 7 5 4 3 0 3 1 7 5 5 3 0], out [2 4 1 2 7 5 4 3 0 3 1 7 5 1 3 5 2], delta on 13
Job 2067752771664911, Program [2 4 1 2 7 5 4 3 0 3 1 7 5 5 3 0], out [2 4 1 2 7 5 4 3 0 3 1 7 5 2 6 5 2], delta on 13
Job 2072150818176015, Program [2 4 1 2 7 5 4 3 0 3 1 7 5 5 3 0], out [2 4 1 2 7 5 4 3 0 3 1 7 5 3 4 5 2], delta on 13
Job 2076548864687119, Program [2 4 1 2 7 5 4 3 0 3 1 7 5 5 3 0], out [2 4 1 2 7 5 4 3 0 3 1 7 5 4 3 3 2], delta on 13
Job 2080946911198223, Program [2 4 1 2 7 5 4 3 0 3 1 7 5 5 3 0], out [2 4 1 2 7 5 4 3 0 3 1 7 5 5 7 3 2], delta on 14
Job 2085344957709327, Program [2 4 1 2 7 5 4 3 0 3 1 7 5 5 3 0], out [2 4 1 2 7 5 4 3 0 3 1 7 5 6 5 3 2], delta on 13
Job 2089743004220431, Program [2 4 1 2 7 5 4 3 0 3 1 7 5 5 3 0], out [2 4 1 2 7 5 4 3 0 3 1 7 5 7 3 3 2], delta on 13
Job 2094141050731535, Program [2 4 1 2 7 5 4 3 0 3 1 7 5 5 3 0], out [2 4 1 2 7 5 4 3 0 3 1 7 5 0 6 3 2], delta on 13
Job 2098539097242639, Program [2 4 1 2 7 5 4 3 0 3 1 7 5 5 3 0], out [2 4 1 2 7 5 4 3 0 3 1 7 5 1 3 3 2], delta on 13
Job 2102937143753743, Program [2 4 1 2 7 5 4 3 0 3 1 7 5 5 3 0], out [2 4 1 2 7 5 4 3 0 3 1 7 5 2 6 3 2], delta on 13
Job 2107335190264847, Program [2 4 1 2 7 5 4 3 0 3 1 7 5 5 3 0], out [2 4 1 2 7 5 4 3 0 3 1 7 5 3 4 3 2], delta on 13
Job 2111733236775951, Program [2 4 1 2 7 5 4 3 0 3 1 7 5 5 3 0], out [2 4 1 2 7 5 4 3 0 3 1 7 5 4 5 1 2], delta on 13
Job 2116131283287055, Program [2 4 1 2 7 5 4 3 0 3 1 7 5 5 3 0], out [2 4 1 2 7 5 4 3 0 3 1 7 5 5 0 1 2], delta on 14
Job 2120529329798159, Program [2 4 1 2 7 5 4 3 0 3 1 7 5 5 3 0], out [2 4 1 2 7 5 4 3 0 3 1 7 5 6 5 1 2], delta on 13
Job 2124927376309263, Program [2 4 1 2 7 5 4 3 0 3 1 7 5 5 3 0], out [2 4 1 2 7 5 4 3 0 3 1 7 5 7 7 1 2], delta on 13
Job 2129325422820367, Program [2 4 1 2 7 5 4 3 0 3 1 7 5 5 3 0], out [2 4 1 2 7 5 4 3 0 3 1 7 5 0 6 1 2], delta on 13
Job 2133723469331471, Program [2 4 1 2 7 5 4 3 0 3 1 7 5 5 3 0], out [2 4 1 2 7 5 4 3 0 3 1 7 5 1 3 1 2], delta on 13
Job 2138121515842575, Program [2 4 1 2 7 5 4 3 0 3 1 7 5 5 3 0], out [2 4 1 2 7 5 4 3 0 3 1 7 5 2 5 1 2], delta on 13
Job 2142519562353679, Program [2 4 1 2 7 5 4 3 0 3 1 7 5 5 3 0], out [2 4 1 2 7 5 4 3 0 3 1 7 5 3 5 1 2], delta on 13
Job 2146917608864783, Program [2 4 1 2 7 5 4 3 0 3 1 7 5 5 3 0], out [2 4 1 2 7 5 4 3 0 3 1 7 5 4 7 0 2], delta on 13
Job 2151315655375887, Program [2 4 1 2 7 5 4 3 0 3 1 7 5 5 3 0], out [2 4 1 2 7 5 4 3 0 3 1 7 5 5 1 0 2], delta on 14
Job 2155713701886991, Program [2 4 1 2 7 5 4 3 0 3 1 7 5 5 3 0], out [2 4 1 2 7 5 4 3 0 3 1 7 5 6 5 0 2], delta on 13
Job 2160111748398095, Program [2 4 1 2 7 5 4 3 0 3 1 7 5 5 3 0], out [2 4 1 2 7 5 4 3 0 3 1 7 5 7 3 0 2], delta on 13
Job 2164509794909199, Program [2 4 1 2 7 5 4 3 0 3 1 7 5 5 3 0], out [2 4 1 2 7 5 4 3 0 3 1 7 5 0 6 0 2], delta on 13
Job 2168907841420303, Program [2 4 1 2 7 5 4 3 0 3 1 7 5 5 3 0], out [2 4 1 2 7 5 4 3 0 3 1 7 5 1 3 0 2], delta on 13
Job 2173305887931407, Program [2 4 1 2 7 5 4 3 0 3 1 7 5 5 3 0], out [2 4 1 2 7 5 4 3 0 3 1 7 5 2 5 0 2], delta on 13
Job 2177703934442511, Program [2 4 1 2 7 5 4 3 0 3 1 7 5 5 3 0], out [2 4 1 2 7 5 4 3 0 3 1 7 5 3 5 0 2], delta on 13
Job 2182101980953615, Program [2 4 1 2 7 5 4 3 0 3 1 7 5 5 3 0], out [2 4 1 2 7 5 4 3 0 3 1 7 5 4 1 0 2], delta on 13
Job 2186500027464719, Program [2 4 1 2 7 5 4 3 0 3 1 7 5 5 3 0], out [2 4 1 2 7 5 4 3 0 3 1 7 5 5 2 0 2], delta on 14
Job 2190898073975823, Program [2 4 1 2 7 5 4 3 0 3 1 7 5 5 3 0], out [2 4 1 2 7 5 4 3 0 3 1 7 5 6 5 0 2], delta on 13
Job 2195296120486927, Program [2 4 1 2 7 5 4 3 0 3 1 7 5 5 3 0], out [2 4 1 2 7 5 4 3 0 3 1 7 5 7 7 0 2], delta on 13
Job 2199694166998031, Program [2 4 1 2 7 5 4 3 0 3 1 7 5 5 3 0], out [2 4 1 2 7 5 4 3 0 3 1 7 5 0 6 0 2], delta on 13
Job 2204092213509135, Program [2 4 1 2 7 5 4 3 0 3 1 7 5 5 3 0], out [2 4 1 2 7 5 4 3 0 3 1 7 5 1 3 0 2], delta on 13
Job 2208490260020239, Program [2 4 1 2 7 5 4 3 0 3 1 7 5 5 3 0], out [2 4 1 2 7 5 4 3 0 3 1 7 5 2 4 0 2], delta on 13
Job 2212888306531343, Program [2 4 1 2 7 5 4 3 0 3 1 7 5 5 3 0], out [2 4 1 2 7 5 4 3 0 3 1 7 5 3 5 0 2], delta on 13
Job 2217286353042447, Program [2 4 1 2 7 5 4 3 0 3 1 7 5 5 3 0], out [2 4 1 2 7 5 4 3 0 3 1 7 5 4 3 3 2], delta on 13
Job 2221684399553551, Program [2 4 1 2 7 5 4 3 0 3 1 7 5 5 3 0], out [2 4 1 2 7 5 4 3 0 3 1 7 5 5 3 3 2], delta on 15
Job 2226082446064655, Program [2 4 1 2 7 5 4 3 0 3 1 7 5 5 3 0], out [2 4 1 2 7 5 4 3 0 3 1 7 5 6 5 3 2], delta on 13
Job 2230480492575759, Program [2 4 1 2 7 5 4 3 0 3 1 7 5 5 3 0], out [2 4 1 2 7 5 4 3 0 3 1 7 5 7 3 3 2], delta on 13
Job 2234878539086863, Program [2 4 1 2 7 5 4 3 0 3 1 7 5 5 3 0], out [2 4 1 2 7 5 4 3 0 3 1 7 5 0 6 3 2], delta on 13
Job 2239276585597967, Program [2 4 1 2 7 5 4 3 0 3 1 7 5 5 3 0], out [2 4 1 2 7 5 4 3 0 3 1 7 5 1 3 3 2], delta on 13
Job 2243674632109071, Program [2 4 1 2 7 5 4 3 0 3 1 7 5 5 3 0], out [2 4 1 2 7 5 4 3 0 3 1 7 5 2 4 3 2], delta on 13
Job 2248072678620175, Program [2 4 1 2 7 5 4 3 0 3 1 7 5 5 3 0], out [2 4 1 2 7 5 4 3 0 3 1 7 5 3 5 3 2], delta on 13
Job 2252470725131279, Program [2 4 1 2 7 5 4 3 0 3 1 7 5 5 3 0], out [2 4 1 2 7 5 4 3 0 3 1 7 5 4 5 5 7 4], delta on 13
Job 2256868771642383, Program [2 4 1 2 7 5 4 3 0 3 1 7 5 5 3 0], out [2 4 1 2 7 5 4 3 0 3 1 7 5 5 4 5 7 4], delta on 14
Job 2261266818153487, Program [2 4 1 2 7 5 4 3 0 3 1 7 5 5 3 0], out [2 4 1 2 7 5 4 3 0 3 1 7 5 6 5 5 7 4], delta on 13
Job 2265664864664591, Program [2 4 1 2 7 5 4 3 0 3 1 7 5 5 3 0], out [2 4 1 2 7 5 4 3 0 3 1 7 5 7 7 5 7 4], delta on 13
Job 2270062911175695, Program [2 4 1 2 7 5 4 3 0 3 1 7 5 5 3 0], out [2 4 1 2 7 5 4 3 0 3 1 7 5 0 1 5 7 4], delta on 13
Job 2274460957686799, Program [2 4 1 2 7 5 4 3 0 3 1 7 5 5 3 0], out [2 4 1 2 7 5 4 3 0 3 1 7 5 1 4 5 7 4], delta on 13
Job 2278859004197903, Program [2 4 1 2 7 5 4 3 0 3 1 7 5 5 3 0], out [2 4 1 2 7 5 4 3 0 3 1 7 5 2 3 5 7 4], delta on 13
Job 2283257050709007, Program [2 4 1 2 7 5 4 3 0 3 1 7 5 5 3 0], out [2 4 1 2 7 5 4 3 0 3 1 7 5 3 2 5 7 4], delta on 13
Job 2287655097220111, Program [2 4 1 2 7 5 4 3 0 3 1 7 5 5 3 0], out [2 4 1 2 7 5 4 3 0 3 1 7 5 4 7 4 7 4], delta on 13
Job 2292053143731215, Program [2 4 1 2 7 5 4 3 0 3 1 7 5 5 3 0], out [2 4 1 2 7 5 4 3 0 3 1 7 5 5 5 4 7 4], delta on 14
Job 2296451190242319, Program [2 4 1 2 7 5 4 3 0 3 1 7 5 5 3 0], out [2 4 1 2 7 5 4 3 0 3 1 7 5 6 5 4 7 4], delta on 13
Job 2300849236753423, Program [2 4 1 2 7 5 4 3 0 3 1 7 5 5 3 0], out [2 4 1 2 7 5 4 3 0 3 1 7 5 7 3 4 7 4], delta on 13
Job 2305247283264527, Program [2 4 1 2 7 5 4 3 0 3 1 7 5 5 3 0], out [2 4 1 2 7 5 4 3 0 3 1 7 5 0 1 4 7 4], delta on 13
Job 2309645329775631, Program [2 4 1 2 7 5 4 3 0 3 1 7 5 5 3 0], out [2 4 1 2 7 5 4 3 0 3 1 7 5 1 4 4 7 4], delta on 13
Job 2314043376286735, Program [2 4 1 2 7 5 4 3 0 3 1 7 5 5 3 0], out [2 4 1 2 7 5 4 3 0 3 1 7 5 2 3 4 7 4], delta on 13
Job 2318441422797839, Program [2 4 1 2 7 5 4 3 0 3 1 7 5 5 3 0], out [2 4 1 2 7 5 4 3 0 3 1 7 5 3 2 4 7 4], delta on 13
Job 2322839469308943, Program [2 4 1 2 7 5 4 3 0 3 1 7 5 5 3 0], out [2 4 1 2 7 5 4 3 0 3 1 7 5 4 1 5 7 4], delta on 13
Job 2327237515820047, Program [2 4 1 2 7 5 4 3 0 3 1 7 5 5 3 0], out [2 4 1 2 7 5 4 3 0 3 1 7 5 5 6 5 7 4], delta on 14
Job 2331635562331151, Program [2 4 1 2 7 5 4 3 0 3 1 7 5 5 3 0], out [2 4 1 2 7 5 4 3 0 3 1 7 5 6 5 5 7 4], delta on 13
Job 2336033608842255, Program [2 4 1 2 7 5 4 3 0 3 1 7 5 5 3 0], out [2 4 1 2 7 5 4 3 0 3 1 7 5 7 7 5 7 4], delta on 13
Job 2340431655353359, Program [2 4 1 2 7 5 4 3 0 3 1 7 5 5 3 0], out [2 4 1 2 7 5 4 3 0 3 1 7 5 0 1 5 7 4], delta on 13
Job 2344829701864463, Program [2 4 1 2 7 5 4 3 0 3 1 7 5 5 3 0], out [2 4 1 2 7 5 4 3 0 3 1 7 5 1 4 5 7 4], delta on 13
Job 2349227748375567, Program [2 4 1 2 7 5 4 3 0 3 1 7 5 5 3 0], out [2 4 1 2 7 5 4 3 0 3 1 7 5 2 2 5 7 4], delta on 13
Job 2353625794886671, Program [2 4 1 2 7 5 4 3 0 3 1 7 5 5 3 0], out [2 4 1 2 7 5 4 3 0 3 1 7 5 3 2 5 7 4], delta on 13
Job 2358023841397775, Program [2 4 1 2 7 5 4 3 0 3 1 7 5 5 3 0], out [2 4 1 2 7 5 4 3 0 3 1 7 5 4 3 7 7 4], delta on 13
Job 2362421887908879, Program [2 4 1 2 7 5 4 3 0 3 1 7 5 5 3 0], out [2 4 1 2 7 5 4 3 0 3 1 7 5 5 7 7 7 4], delta on 14
Job 2366819934419983, Program [2 4 1 2 7 5 4 3 0 3 1 7 5 5 3 0], out [2 4 1 2 7 5 4 3 0 3 1 7 5 6 5 7 7 4], delta on 13
Job 2371217980931087, Program [2 4 1 2 7 5 4 3 0 3 1 7 5 5 3 0], out [2 4 1 2 7 5 4 3 0 3 1 7 5 7 3 7 7 4], delta on 13
Job 2375616027442191, Program [2 4 1 2 7 5 4 3 0 3 1 7 5 5 3 0], out [2 4 1 2 7 5 4 3 0 3 1 7 5 0 1 7 7 4], delta on 13
Job 2380014073953295, Program [2 4 1 2 7 5 4 3 0 3 1 7 5 5 3 0], out [2 4 1 2 7 5 4 3 0 3 1 7 5 1 4 7 7 4], delta on 13
Job 2384412120464399, Program [2 4 1 2 7 5 4 3 0 3 1 7 5 5 3 0], out [2 4 1 2 7 5 4 3 0 3 1 7 5 2 2 7 7 4], delta on 13
Job 2388810166975503, Program [2 4 1 2 7 5 4 3 0 3 1 7 5 5 3 0], out [2 4 1 2 7 5 4 3 0 3 1 7 5 3 2 7 7 4], delta on 13
Job 2393208213486607, Program [2 4 1 2 7 5 4 3 0 3 1 7 5 5 3 0], out [2 4 1 2 7 5 4 3 0 3 1 7 5 4 5 0 7 4], delta on 13
Job 2397606259997711, Program [2 4 1 2 7 5 4 3 0 3 1 7 5 5 3 0], out [2 4 1 2 7 5 4 3 0 3 1 7 5 5 0 0 7 4], delta on 14
Job 2402004306508815, Program [2 4 1 2 7 5 4 3 0 3 1 7 5 5 3 0], out [2 4 1 2 7 5 4 3 0 3 1 7 5 6 5 0 7 4], delta on 13
Job 2406402353019919, Program [2 4 1 2 7 5 4 3 0 3 1 7 5 5 3 0], out [2 4 1 2 7 5 4 3 0 3 1 7 5 7 7 0 7 4], delta on 13
Job 2410800399531023, Program [2 4 1 2 7 5 4 3 0 3 1 7 5 5 3 0], out [2 4 1 2 7 5 4 3 0 3 1 7 5 0 1 0 7 4], delta on 13
Job 2415198446042127, Program [2 4 1 2 7 5 4 3 0 3 1 7 5 5 3 0], out [2 4 1 2 7 5 4 3 0 3 1 7 5 1 4 0 7 4], delta on 13
Job 2419596492553231, Program [2 4 1 2 7 5 4 3 0 3 1 7 5 5 3 0], out [2 4 1 2 7 5 4 3 0 3 1 7 5 2 1 0 7 4], delta on 13
Job 2423994539064335, Program [2 4 1 2 7 5 4 3 0 3 1 7 5 5 3 0], out [2 4 1 2 7 5 4 3 0 3 1 7 5 3 3 0 7 4], delta on 13
Job 2428392585575439, Program [2 4 1 2 7 5 4 3 0 3 1 7 5 5 3 0], out [2 4 1 2 7 5 4 3 0 3 1 7 5 4 7 0 7 4], delta on 13
Job 2432790632086543, Program [2 4 1 2 7 5 4 3 0 3 1 7 5 5 3 0], out [2 4 1 2 7 5 4 3 0 3 1 7 5 5 1 0 7 4], delta on 14
Job 2437188678597647, Program [2 4 1 2 7 5 4 3 0 3 1 7 5 5 3 0], out [2 4 1 2 7 5 4 3 0 3 1 7 5 6 5 0 7 4], delta on 13
Job 2441586725108751, Program [2 4 1 2 7 5 4 3 0 3 1 7 5 5 3 0], out [2 4 1 2 7 5 4 3 0 3 1 7 5 7 3 0 7 4], delta on 13
Job 2445984771619855, Program [2 4 1 2 7 5 4 3 0 3 1 7 5 5 3 0], out [2 4 1 2 7 5 4 3 0 3 1 7 5 0 1 0 7 4], delta on 13
Job 2450382818130959, Program [2 4 1 2 7 5 4 3 0 3 1 7 5 5 3 0], out [2 4 1 2 7 5 4 3 0 3 1 7 5 1 4 0 7 4], delta on 13
Job 2454780864642063, Program [2 4 1 2 7 5 4 3 0 3 1 7 5 5 3 0], out [2 4 1 2 7 5 4 3 0 3 1 7 5 2 1 0 7 4], delta on 13
Job 2459178911153167, Program [2 4 1 2 7 5 4 3 0 3 1 7 5 5 3 0], out [2 4 1 2 7 5 4 3 0 3 1 7 5 3 3 0 7 4], delta on 13
Job 2463576957664271, Program [2 4 1 2 7 5 4 3 0 3 1 7 5 5 3 0], out [2 4 1 2 7 5 4 3 0 3 1 7 5 4 1 7 7 4], delta on 13
Job 2467975004175375, Program [2 4 1 2 7 5 4 3 0 3 1 7 5 5 3 0], out [2 4 1 2 7 5 4 3 0 3 1 7 5 5 2 7 7 4], delta on 14
Job 2472373050686479, Program [2 4 1 2 7 5 4 3 0 3 1 7 5 5 3 0], out [2 4 1 2 7 5 4 3 0 3 1 7 5 6 5 7 7 4], delta on 13
Job 2476771097197583, Program [2 4 1 2 7 5 4 3 0 3 1 7 5 5 3 0], out [2 4 1 2 7 5 4 3 0 3 1 7 5 7 7 7 7 4], delta on 13
Job 2481169143708687, Program [2 4 1 2 7 5 4 3 0 3 1 7 5 5 3 0], out [2 4 1 2 7 5 4 3 0 3 1 7 5 0 1 7 7 4], delta on 13
Job 2485567190219791, Program [2 4 1 2 7 5 4 3 0 3 1 7 5 5 3 0], out [2 4 1 2 7 5 4 3 0 3 1 7 5 1 4 7 7 4], delta on 13
Job 2489965236730895, Program [2 4 1 2 7 5 4 3 0 3 1 7 5 5 3 0], out [2 4 1 2 7 5 4 3 0 3 1 7 5 2 0 7 7 4], delta on 13
Job 2494363283241999, Program [2 4 1 2 7 5 4 3 0 3 1 7 5 5 3 0], out [2 4 1 2 7 5 4 3 0 3 1 7 5 3 3 7 7 4], delta on 13
Job 2498761329753103, Program [2 4 1 2 7 5 4 3 0 3 1 7 5 5 3 0], out [2 4 1 2 7 5 4 3 0 3 1 7 5 4 3 0 7 4], delta on 13
panic: runtime error: index out of range [16] with length 16

goroutine 256640 [running]:
main.main.func1(0x0?, 0x14000218000, 0x1400021a000, 0x0?)
	/Users/lobo/github_clones/advent_of_code_2024/17b/main.go:204 +0x234
created by main.main in goroutine 1
	/Users/lobo/github_clones/advent_of_code_2024/17b/main.go:235 +0x688
exit status 2
