Job 251359562578959, Program [2 4 1 2 7 5 4 3 0 3 1 7 5 5 3 0], out [2 4 1 2 7 5 4 3 0 3 1 7 5 5 3 2], delta on 15
Job 251359562644495, Program [2 4 1 2 7 5 4 3 0 3 1 7 5 5 3 0], out [2 4 1 2 7 5 4 3 0 3 1 7 5 5 3 2], delta on 15
Job 251359562730417, Program [2 4 1 2 7 5 4 3 0 3 1 7 5 5 3 0], out [2 4 1 2 7 5 4 3 0 3 1 7 5 5 3 2], delta on 15
Job 251359562775567, Program [2 4 1 2 7 5 4 3 0 3 1 7 5 5 3 0], out [2 4 1 2 7 5 4 3 0 3 1 7 5 5 3 2], delta on 15
Job 251359566773263, Program [2 4 1 2 7 5 4 3 0 3 1 7 5 5 3 0], out [2 4 1 2 7 5 4 3 0 3 1 7 5 5 3 2], delta on 15
Job 251359566838799, Program [2 4 1 2 7 5 4 3 0 3 1 7 5 5 3 0], out [2 4 1 2 7 5 4 3 0 3 1 7 5 5 3 2], delta on 15
Job 251359566969871, Program [2 4 1 2 7 5 4 3 0 3 1 7 5 5 3 0], out [2 4 1 2 7 5 4 3 0 3 1 7 5 5 3 2], delta on 15
Job 251359589121039, Program [2 4 1 2 7 5 4 3 0 3 1 7 5 5 3 0], out [2 4 1 2 7 5 4 3 3 3 1 7 5 5 3 2], delta on 8
Job 251359590693903, Program [2 4 1 2 7 5 4 3 0 3 1 7 5 5 3 0], out [2 4 1 2 7 5 4 3 3 3 1 7 5 5 3 2], delta on 8
Job 251359592791055, Program [2 4 1 2 7 5 4 3 0 3 1 7 5 5 3 0], out [2 4 1 2 7 5 4 3 3 3 1 7 5 5 3 2], delta on 8
Job 251359596985359, Program [2 4 1 2 7 5 4 3 0 3 1 7 5 5 3 0], out [2 4 1 2 7 5 4 3 3 3 1 7 5 5 3 2], delta on 8
Job 251359617432591, Program [2 4 1 2 7 5 4 3 0 3 1 7 5 5 3 0], out [2 4 1 2 7 5 4 3 3 6 1 7 5 5 3 2], delta on 8
Job 251359617563663, Program [2 4 1 2 7 5 4 3 0 3 1 7 5 5 3 0], out [2 4 1 2 7 5 4 3 3 6 1 7 5 5 3 2], delta on 8
Job 251359630015503, Program [2 4 1 2 7 5 4 3 0 3 1 7 5 5 3 0], out [2 4 1 2 7 5 4 3 3 6 1 7 5 5 3 2], delta on 8
Job 251359630146575, Program [2 4 1 2 7 5 4 3 0 3 1 7 5 5 3 0], out [2 4 1 2 7 5 4 3 3 6 1 7 5 5 3 2], delta on 8
Job 251359634209807, Program [2 4 1 2 7 5 4 3 0 3 1 7 5 5 3 0], out [2 4 1 2 7 5 4 3 3 6 1 7 5 5 3 2], delta on 8
Job 251359634340879, Program [2 4 1 2 7 5 4 3 0 3 1 7 5 5 3 0], out [2 4 1 2 7 5 4 3 3 6 1 7 5 5 3 2], delta on 8
Job 251359656229903, Program [2 4 1 2 7 5 4 3 0 3 1 7 5 5 3 0], out [2 4 1 2 7 5 4 3 3 6 1 7 5 5 3 2], delta on 8
Job 251359657802767, Program [2 4 1 2 7 5 4 3 0 3 1 7 5 5 3 0], out [2 4 1 2 7 5 4 3 3 6 1 7 5 5 3 2], delta on 8
Job 251359664094223, Program [2 4 1 2 7 5 4 3 0 3 1 7 5 5 3 0], out [2 4 1 2 7 5 4 3 3 6 1 7 5 5 3 2], delta on 8
Job 251359696796687, Program [2 4 1 2 7 5 4 3 0 3 1 7 5 5 3 0], out [2 4 1 2 7 5 4 3 0 6 1 7 5 5 3 2], delta on 9
Job 251359696862223, Program [2 4 1 2 7 5 4 3 0 3 1 7 5 5 3 0], out [2 4 1 2 7 5 4 3 0 6 1 7 5 5 3 2], delta on 9
Job 251359696948145, Program [2 4 1 2 7 5 4 3 0 3 1 7 5 5 3 0], out [2 4 1 2 7 5 4 3 0 6 1 7 5 5 3 2], delta on 9
Job 251359696993295, Program [2 4 1 2 7 5 4 3 0 3 1 7 5 5 3 0], out [2 4 1 2 7 5 4 3 0 6 1 7 5 5 3 2], delta on 9
Job 251359700990991, Program [2 4 1 2 7 5 4 3 0 3 1 7 5 5 3 0], out [2 4 1 2 7 5 4 3 0 6 1 7 5 5 3 2], delta on 9
Job 251359701056527, Program [2 4 1 2 7 5 4 3 0 3 1 7 5 5 3 0], out [2 4 1 2 7 5 4 3 0 6 1 7 5 5 3 2], delta on 9
Job 251359701187599, Program [2 4 1 2 7 5 4 3 0 3 1 7 5 5 3 0], out [2 4 1 2 7 5 4 3 0 6 1 7 5 5 3 2], delta on 9
Job 251359723338767, Program [2 4 1 2 7 5 4 3 0 3 1 7 5 5 3 0], out [2 4 1 2 7 5 4 3 3 6 1 7 5 5 3 2], delta on 8
Job 251359724911631, Program [2 4 1 2 7 5 4 3 0 3 1 7 5 5 3 0], out [2 4 1 2 7 5 4 3 3 6 1 7 5 5 3 2], delta on 8
Job 251359727008783, Program [2 4 1 2 7 5 4 3 0 3 1 7 5 5 3 0], out [2 4 1 2 7 5 4 3 3 6 1 7 5 5 3 2], delta on 8
Job 251359731203087, Program [2 4 1 2 7 5 4 3 0 3 1 7 5 5 3 0], out [2 4 1 2 7 5 4 3 3 6 1 7 5 5 3 2], delta on 8
Job 251359770786831, Program [2 4 1 2 7 5 4 3 0 3 1 7 5 5 3 0], out [2 4 1 2 7 5 4 3 4 7 2 7 5 5 3 2], delta on 8
Job 251359790447631, Program [2 4 1 2 7 5 4 3 0 3 1 7 5 5 3 0], out [2 4 1 2 7 5 4 3 7 7 2 7 5 5 3 2], delta on 8
Job 251359792020495, Program [2 4 1 2 7 5 4 3 0 3 1 7 5 5 3 0], out [2 4 1 2 7 5 4 3 7 7 2 7 5 5 3 2], delta on 8
Job 251359798311951, Program [2 4 1 2 7 5 4 3 0 3 1 7 5 5 3 0], out [2 4 1 2 7 5 4 3 7 7 2 7 5 5 3 2], delta on 8
Job 251359831014415, Program [2 4 1 2 7 5 4 3 0 3 1 7 5 5 3 0], out [2 4 1 2 7 5 4 3 0 7 2 7 5 5 3 2], delta on 9
Job 251359831079951, Program [2 4 1 2 7 5 4 3 0 3 1 7 5 5 3 0], out [2 4 1 2 7 5 4 3 0 7 2 7 5 5 3 2], delta on 9
Job 251359831165873, Program [2 4 1 2 7 5 4 3 0 3 1 7 5 5 3 0], out [2 4 1 2 7 5 4 3 0 7 2 7 5 5 3 2], delta on 9
Job 251359831211023, Program [2 4 1 2 7 5 4 3 0 3 1 7 5 5 3 0], out [2 4 1 2 7 5 4 3 0 7 2 7 5 5 3 2], delta on 9
Job 251359839403023, Program [2 4 1 2 7 5 4 3 0 3 1 7 5 5 3 0], out [2 4 1 2 7 5 4 3 0 7 2 7 5 5 3 2], delta on 9
Job 251359839468559, Program [2 4 1 2 7 5 4 3 0 3 1 7 5 5 3 0], out [2 4 1 2 7 5 4 3 0 7 2 7 5 5 3 2], delta on 9
Job 251359839599631, Program [2 4 1 2 7 5 4 3 0 3 1 7 5 5 3 0], out [2 4 1 2 7 5 4 3 0 7 2 7 5 5 3 2], delta on 9
Job 251359839992847, Program [2 4 1 2 7 5 4 3 0 3 1 7 5 5 3 0], out [2 4 1 2 7 5 4 3 0 7 2 7 5 5 3 2], delta on 9
Job 251359857556495, Program [2 4 1 2 7 5 4 3 0 3 1 7 5 5 3 0], out [2 4 1 2 7 5 4 3 0 7 2 7 5 5 3 2], delta on 9
Job 251359859129359, Program [2 4 1 2 7 5 4 3 0 3 1 7 5 5 3 0], out [2 4 1 2 7 5 4 3 0 7 2 7 5 5 3 2], delta on 9
Job 251359861226511, Program [2 4 1 2 7 5 4 3 0 3 1 7 5 5 3 0], out [2 4 1 2 7 5 4 3 0 7 2 7 5 5 3 2], delta on 9
Job 251359865420815, Program [2 4 1 2 7 5 4 3 0 3 1 7 5 5 3 0], out [2 4 1 2 7 5 4 3 0 7 2 7 5 5 3 2], delta on 9
Job 251359873547279, Program [2 4 1 2 7 5 4 3 0 3 1 7 5 5 3 0], out [2 4 1 2 7 5 4 3 0 7 2 7 5 5 3 2], delta on 9
Job 251359898450959, Program [2 4 1 2 7 5 4 3 0 3 1 7 5 5 3 0], out [2 4 1 2 7 5 4 3 5 5 2 7 5 5 3 2], delta on 8
Job 251359898582031, Program [2 4 1 2 7 5 4 3 0 3 1 7 5 5 3 0], out [2 4 1 2 7 5 4 3 5 5 2 7 5 5 3 2], delta on 8
Job 251359924665359, Program [2 4 1 2 7 5 4 3 0 3 1 7 5 5 3 0], out [2 4 1 2 7 5 4 3 3 5 2 7 5 5 3 2], delta on 8
Job 251359926238223, Program [2 4 1 2 7 5 4 3 0 3 1 7 5 5 3 0], out [2 4 1 2 7 5 4 3 3 5 2 7 5 5 3 2], delta on 8
Job 251359932529679, Program [2 4 1 2 7 5 4 3 0 3 1 7 5 5 3 0], out [2 4 1 2 7 5 4 3 3 5 2 7 5 5 3 2], delta on 8
Job 251359965232143, Program [2 4 1 2 7 5 4 3 0 3 1 7 5 5 3 0], out [2 4 1 2 7 5 4 3 0 5 2 7 5 5 3 2], delta on 9
Job 251359965297679, Program [2 4 1 2 7 5 4 3 0 3 1 7 5 5 3 0], out [2 4 1 2 7 5 4 3 0 5 2 7 5 5 3 2], delta on 9
Job 251359965383601, Program [2 4 1 2 7 5 4 3 0 3 1 7 5 5 3 0], out [2 4 1 2 7 5 4 3 0 5 2 7 5 5 3 2], delta on 9
Job 251359965428751, Program [2 4 1 2 7 5 4 3 0 3 1 7 5 5 3 0], out [2 4 1 2 7 5 4 3 0 5 2 7 5 5 3 2], delta on 9
Job 251359991774223, Program [2 4 1 2 7 5 4 3 0 3 1 7 5 5 3 0], out [2 4 1 2 7 5 4 3 0 5 2 7 5 5 3 2], delta on 9
Job 251359993347087, Program [2 4 1 2 7 5 4 3 0 3 1 7 5 5 3 0], out [2 4 1 2 7 5 4 3 0 5 2 7 5 5 3 2], delta on 9
Job 251359995444239, Program [2 4 1 2 7 5 4 3 0 3 1 7 5 5 3 0], out [2 4 1 2 7 5 4 3 0 5 2 7 5 5 3 2], delta on 9
Job 251359999638543, Program [2 4 1 2 7 5 4 3 0 3 1 7 5 5 3 0], out [2 4 1 2 7 5 4 3 0 5 2 7 5 5 3 2], delta on 9
Job 251360039222287, Program [2 4 1 2 7 5 4 3 0 3 1 7 5 5 3 0], out [2 4 1 2 7 5 4 3 6 5 2 7 5 5 3 2], delta on 8
Job 251360058883087, Program [2 4 1 2 7 5 4 3 0 3 1 7 5 5 3 0], out [2 4 1 2 7 5 4 3 7 5 2 7 5 5 3 2], delta on 8
Job 251360060455951, Program [2 4 1 2 7 5 4 3 0 3 1 7 5 5 3 0], out [2 4 1 2 7 5 4 3 7 5 2 7 5 5 3 2], delta on 8
Job 251360066747407, Program [2 4 1 2 7 5 4 3 0 3 1 7 5 5 3 0], out [2 4 1 2 7 5 4 3 7 5 2 7 5 5 3 2], delta on 8
Job 251360099449871, Program [2 4 1 2 7 5 4 3 0 3 1 7 5 5 3 0], out [2 4 1 2 7 5 4 3 0 5 2 7 5 5 3 2], delta on 9
Job 251360099515407, Program [2 4 1 2 7 5 4 3 0 3 1 7 5 5 3 0], out [2 4 1 2 7 5 4 3 0 5 2 7 5 5 3 2], delta on 9
Job 251360099601329, Program [2 4 1 2 7 5 4 3 0 3 1 7 5 5 3 0], out [2 4 1 2 7 5 4 3 0 5 2 7 5 5 3 2], delta on 9
Job 251360099646479, Program [2 4 1 2 7 5 4 3 0 3 1 7 5 5 3 0], out [2 4 1 2 7 5 4 3 0 5 2 7 5 5 3 2], delta on 9
Job 251360101547023, Program [2 4 1 2 7 5 4 3 0 3 1 7 5 5 3 0], out [2 4 1 2 7 5 4 3 0 5 2 7 5 5 3 2], delta on 9
Job 251360101612559, Program [2 4 1 2 7 5 4 3 0 3 1 7 5 5 3 0], out [2 4 1 2 7 5 4 3 0 5 2 7 5 5 3 2], delta on 9
Job 251360101678095, Program [2 4 1 2 7 5 4 3 0 3 1 7 5 5 3 0], out [2 4 1 2 7 5 4 3 0 5 2 7 5 5 3 2], delta on 9
Job 251360125991951, Program [2 4 1 2 7 5 4 3 0 3 1 7 5 5 3 0], out [2 4 1 2 7 5 4 3 0 5 2 7 5 5 3 2], delta on 9
Job 251360127564815, Program [2 4 1 2 7 5 4 3 0 3 1 7 5 5 3 0], out [2 4 1 2 7 5 4 3 0 5 2 7 5 5 3 2], delta on 9
Job 251360129661967, Program [2 4 1 2 7 5 4 3 0 3 1 7 5 5 3 0], out [2 4 1 2 7 5 4 3 0 5 2 7 5 5 3 2], delta on 9
Job 251360133856271, Program [2 4 1 2 7 5 4 3 0 3 1 7 5 5 3 0], out [2 4 1 2 7 5 4 3 0 5 2 7 5 5 3 2], delta on 9
Job 251360166886415, Program [2 4 1 2 7 5 4 3 0 3 1 7 5 5 3 0], out [2 4 1 2 7 5 4 3 7 3 2 7 5 5 3 2], delta on 8
Job 251360167017487, Program [2 4 1 2 7 5 4 3 0 3 1 7 5 5 3 0], out [2 4 1 2 7 5 4 3 7 3 2 7 5 5 3 2], delta on 8
Job 251360193100815, Program [2 4 1 2 7 5 4 3 0 3 1 7 5 5 3 0], out [2 4 1 2 7 5 4 3 3 3 2 7 5 5 3 2], delta on 8
Job 251360194673679, Program [2 4 1 2 7 5 4 3 0 3 1 7 5 5 3 0], out [2 4 1 2 7 5 4 3 3 3 2 7 5 5 3 2], delta on 8
Job 251360200965135, Program [2 4 1 2 7 5 4 3 0 3 1 7 5 5 3 0], out [2 4 1 2 7 5 4 3 3 3 2 7 5 5 3 2], delta on 8
Job 251360233667599, Program [2 4 1 2 7 5 4 3 0 3 1 7 5 5 3 0], out [2 4 1 2 7 5 4 3 0 3 2 7 5 5 3 2], delta on 10
Job 251360233733135, Program [2 4 1 2 7 5 4 3 0 3 1 7 5 5 3 0], out [2 4 1 2 7 5 4 3 0 3 2 7 5 5 3 2], delta on 10
Job 251360233819057, Program [2 4 1 2 7 5 4 3 0 3 1 7 5 5 3 0], out [2 4 1 2 7 5 4 3 0 3 2 7 5 5 3 2], delta on 10
Job 251360233864207, Program [2 4 1 2 7 5 4 3 0 3 1 7 5 5 3 0], out [2 4 1 2 7 5 4 3 0 3 2 7 5 5 3 2], delta on 10
Job 251360260209679, Program [2 4 1 2 7 5 4 3 0 3 1 7 5 5 3 0], out [2 4 1 2 7 5 4 3 0 3 2 7 5 5 3 2], delta on 10
Job 251360261782543, Program [2 4 1 2 7 5 4 3 0 3 1 7 5 5 3 0], out [2 4 1 2 7 5 4 3 0 3 2 7 5 5 3 2], delta on 10
Job 251360263879695, Program [2 4 1 2 7 5 4 3 0 3 1 7 5 5 3 0], out [2 4 1 2 7 5 4 3 0 3 2 7 5 5 3 2], delta on 10
Job 251360268073999, Program [2 4 1 2 7 5 4 3 0 3 1 7 5 5 3 0], out [2 4 1 2 7 5 4 3 0 3 2 7 5 5 3 2], delta on 10
Job 251360307657743, Program [2 4 1 2 7 5 4 3 0 3 1 7 5 5 3 0], out [2 4 1 2 7 5 4 3 0 7 2 7 5 5 3 2], delta on 9
Job 251360327318543, Program [2 4 1 2 7 5 4 3 0 3 1 7 5 5 3 0], out [2 4 1 2 7 5 4 3 7 7 2 7 5 5 3 2], delta on 8
Job 251360328891407, Program [2 4 1 2 7 5 4 3 0 3 1 7 5 5 3 0], out [2 4 1 2 7 5 4 3 7 7 2 7 5 5 3 2], delta on 8
Job 251360335182863, Program [2 4 1 2 7 5 4 3 0 3 1 7 5 5 3 0], out [2 4 1 2 7 5 4 3 7 7 2 7 5 5 3 2], delta on 8
Job 251360367885327, Program [2 4 1 2 7 5 4 3 0 3 1 7 5 5 3 0], out [2 4 1 2 7 5 4 3 0 7 2 7 5 5 3 2], delta on 9
Job 251360367950863, Program [2 4 1 2 7 5 4 3 0 3 1 7 5 5 3 0], out [2 4 1 2 7 5 4 3 0 7 2 7 5 5 3 2], delta on 9
Job 251360368036785, Program [2 4 1 2 7 5 4 3 0 3 1 7 5 5 3 0], out [2 4 1 2 7 5 4 3 0 7 2 7 5 5 3 2], delta on 9
Job 251360368081935, Program [2 4 1 2 7 5 4 3 0 3 1 7 5 5 3 0], out [2 4 1 2 7 5 4 3 0 7 2 7 5 5 3 2], delta on 9
Job 251360376273935, Program [2 4 1 2 7 5 4 3 0 3 1 7 5 5 3 0], out [2 4 1 2 7 5 4 3 0 7 2 7 5 5 3 2], delta on 9
Job 251360376339471, Program [2 4 1 2 7 5 4 3 0 3 1 7 5 5 3 0], out [2 4 1 2 7 5 4 3 0 7 2 7 5 5 3 2], delta on 9
Job 251360376470543, Program [2 4 1 2 7 5 4 3 0 3 1 7 5 5 3 0], out [2 4 1 2 7 5 4 3 0 7 2 7 5 5 3 2], delta on 9
Job 251360376863759, Program [2 4 1 2 7 5 4 3 0 3 1 7 5 5 3 0], out [2 4 1 2 7 5 4 3 0 7 2 7 5 5 3 2], delta on 9
Job 251360394427407, Program [2 4 1 2 7 5 4 3 0 3 1 7 5 5 3 0], out [2 4 1 2 7 5 4 3 1 7 2 7 5 5 3 2], delta on 8
Job 251360396000271, Program [2 4 1 2 7 5 4 3 0 3 1 7 5 5 3 0], out [2 4 1 2 7 5 4 3 1 7 2 7 5 5 3 2], delta on 8
Job 251360398097423, Program [2 4 1 2 7 5 4 3 0 3 1 7 5 5 3 0], out [2 4 1 2 7 5 4 3 1 7 2 7 5 5 3 2], delta on 8
Job 251360402291727, Program [2 4 1 2 7 5 4 3 0 3 1 7 5 5 3 0], out [2 4 1 2 7 5 4 3 1 7 2 7 5 5 3 2], delta on 8
Job 251360410418191, Program [2 4 1 2 7 5 4 3 0 3 1 7 5 5 3 0], out [2 4 1 2 7 5 4 3 1 7 2 7 5 5 3 2], delta on 8
Job 251360435321871, Program [2 4 1 2 7 5 4 3 0 3 1 7 5 5 3 0], out [2 4 1 2 7 5 4 3 1 7 2 7 5 5 3 2], delta on 8
Job 251360435452943, Program [2 4 1 2 7 5 4 3 0 3 1 7 5 5 3 0], out [2 4 1 2 7 5 4 3 1 7 2 7 5 5 3 2], delta on 8
Job 251360461536271, Program [2 4 1 2 7 5 4 3 0 3 1 7 5 5 3 0], out [2 4 1 2 7 5 4 3 3 7 2 7 5 5 3 2], delta on 8
Job 251360463109135, Program [2 4 1 2 7 5 4 3 0 3 1 7 5 5 3 0], out [2 4 1 2 7 5 4 3 3 7 2 7 5 5 3 2], delta on 8
Job 251360469400591, Program [2 4 1 2 7 5 4 3 0 3 1 7 5 5 3 0], out [2 4 1 2 7 5 4 3 3 7 2 7 5 5 3 2], delta on 8
Job 251360502103055, Program [2 4 1 2 7 5 4 3 0 3 1 7 5 5 3 0], out [2 4 1 2 7 5 4 3 0 7 2 7 5 5 3 2], delta on 9
Job 251360502168591, Program [2 4 1 2 7 5 4 3 0 3 1 7 5 5 3 0], out [2 4 1 2 7 5 4 3 0 7 2 7 5 5 3 2], delta on 9
Job 251360502254513, Program [2 4 1 2 7 5 4 3 0 3 1 7 5 5 3 0], out [2 4 1 2 7 5 4 3 0 7 2 7 5 5 3 2], delta on 9
Job 251360502299663, Program [2 4 1 2 7 5 4 3 0 3 1 7 5 5 3 0], out [2 4 1 2 7 5 4 3 0 7 2 7 5 5 3 2], delta on 9
Job 251360528645135, Program [2 4 1 2 7 5 4 3 0 3 1 7 5 5 3 0], out [2 4 1 2 7 5 4 3 1 7 2 7 5 5 3 2], delta on 8
Job 251360530217999, Program [2 4 1 2 7 5 4 3 0 3 1 7 5 5 3 0], out [2 4 1 2 7 5 4 3 1 7 2 7 5 5 3 2], delta on 8
Job 251360532315151, Program [2 4 1 2 7 5 4 3 0 3 1 7 5 5 3 0], out [2 4 1 2 7 5 4 3 1 7 2 7 5 5 3 2], delta on 8
Job 251360536509455, Program [2 4 1 2 7 5 4 3 0 3 1 7 5 5 3 0], out [2 4 1 2 7 5 4 3 1 7 2 7 5 5 3 2], delta on 8
Job 251360576093199, Program [2 4 1 2 7 5 4 3 0 3 1 7 5 5 3 0], out [2 4 1 2 7 5 4 3 2 3 2 7 5 5 3 2], delta on 8
Job 251360595753999, Program [2 4 1 2 7 5 4 3 0 3 1 7 5 5 3 0], out [2 4 1 2 7 5 4 3 7 3 2 7 5 5 3 2], delta on 8
Job 251360597326863, Program [2 4 1 2 7 5 4 3 0 3 1 7 5 5 3 0], out [2 4 1 2 7 5 4 3 7 3 2 7 5 5 3 2], delta on 8
Job 251360603618319, Program [2 4 1 2 7 5 4 3 0 3 1 7 5 5 3 0], out [2 4 1 2 7 5 4 3 7 3 2 7 5 5 3 2], delta on 8
Job 251360636320783, Program [2 4 1 2 7 5 4 3 0 3 1 7 5 5 3 0], out [2 4 1 2 7 5 4 3 0 3 2 7 5 5 3 2], delta on 10
Job 251360636386319, Program [2 4 1 2 7 5 4 3 0 3 1 7 5 5 3 0], out [2 4 1 2 7 5 4 3 0 3 2 7 5 5 3 2], delta on 10
Job 251360636472241, Program [2 4 1 2 7 5 4 3 0 3 1 7 5 5 3 0], out [2 4 1 2 7 5 4 3 0 3 2 7 5 5 3 2], delta on 10
Job 251360636517391, Program [2 4 1 2 7 5 4 3 0 3 1 7 5 5 3 0], out [2 4 1 2 7 5 4 3 0 3 2 7 5 5 3 2], delta on 10
Job 251360662862863, Program [2 4 1 2 7 5 4 3 0 3 1 7 5 5 3 0], out [2 4 1 2 7 5 4 3 1 3 2 7 5 5 3 2], delta on 8
Job 251360664435727, Program [2 4 1 2 7 5 4 3 0 3 1 7 5 5 3 0], out [2 4 1 2 7 5 4 3 1 3 2 7 5 5 3 2], delta on 8
Job 251360666532879, Program [2 4 1 2 7 5 4 3 0 3 1 7 5 5 3 0], out [2 4 1 2 7 5 4 3 1 3 2 7 5 5 3 2], delta on 8
Job 251360670727183, Program [2 4 1 2 7 5 4 3 0 3 1 7 5 5 3 0], out [2 4 1 2 7 5 4 3 1 3 2 7 5 5 3 2], delta on 8
Job 251360703757327, Program [2 4 1 2 7 5 4 3 0 3 1 7 5 5 3 0], out [2 4 1 2 7 5 4 3 3 6 2 7 5 5 3 2], delta on 8
Job 251360703888399, Program [2 4 1 2 7 5 4 3 0 3 1 7 5 5 3 0], out [2 4 1 2 7 5 4 3 3 6 2 7 5 5 3 2], delta on 8
Job 251360729971727, Program [2 4 1 2 7 5 4 3 0 3 1 7 5 5 3 0], out [2 4 1 2 7 5 4 3 3 6 2 7 5 5 3 2], delta on 8
Job 251360731544591, Program [2 4 1 2 7 5 4 3 0 3 1 7 5 5 3 0], out [2 4 1 2 7 5 4 3 3 6 2 7 5 5 3 2], delta on 8
Job 251360737836047, Program [2 4 1 2 7 5 4 3 0 3 1 7 5 5 3 0], out [2 4 1 2 7 5 4 3 3 6 2 7 5 5 3 2], delta on 8
Job 251360770538511, Program [2 4 1 2 7 5 4 3 0 3 1 7 5 5 3 0], out [2 4 1 2 7 5 4 3 0 6 2 7 5 5 3 2], delta on 9
Job 251360770604047, Program [2 4 1 2 7 5 4 3 0 3 1 7 5 5 3 0], out [2 4 1 2 7 5 4 3 0 6 2 7 5 5 3 2], delta on 9
Job 251360770689969, Program [2 4 1 2 7 5 4 3 0 3 1 7 5 5 3 0], out [2 4 1 2 7 5 4 3 0 6 2 7 5 5 3 2], delta on 9
Job 251360770735119, Program [2 4 1 2 7 5 4 3 0 3 1 7 5 5 3 0], out [2 4 1 2 7 5 4 3 0 6 2 7 5 5 3 2], delta on 9
Job 251360797080591, Program [2 4 1 2 7 5 4 3 0 3 1 7 5 5 3 0], out [2 4 1 2 7 5 4 3 1 6 2 7 5 5 3 2], delta on 8
Job 251360798653455, Program [2 4 1 2 7 5 4 3 0 3 1 7 5 5 3 0], out [2 4 1 2 7 5 4 3 1 6 2 7 5 5 3 2], delta on 8
Job 251360800750607, Program [2 4 1 2 7 5 4 3 0 3 1 7 5 5 3 0], out [2 4 1 2 7 5 4 3 1 6 2 7 5 5 3 2], delta on 8
Job 251360804944911, Program [2 4 1 2 7 5 4 3 0 3 1 7 5 5 3 0], out [2 4 1 2 7 5 4 3 1 6 2 7 5 5 3 2], delta on 8
Job 251360844528655, Program [2 4 1 2 7 5 4 3 0 3 1 7 5 5 3 0], out [2 4 1 2 7 5 4 3 4 1 5 7 5 5 3 2], delta on 8
Job 251360864189455, Program [2 4 1 2 7 5 4 3 0 3 1 7 5 5 3 0], out [2 4 1 2 7 5 4 3 7 1 5 7 5 5 3 2], delta on 8
Job 251360865762319, Program [2 4 1 2 7 5 4 3 0 3 1 7 5 5 3 0], out [2 4 1 2 7 5 4 3 7 1 5 7 5 5 3 2], delta on 8
Job 251360872053775, Program [2 4 1 2 7 5 4 3 0 3 1 7 5 5 3 0], out [2 4 1 2 7 5 4 3 7 1 5 7 5 5 3 2], delta on 8
Job 251360904756239, Program [2 4 1 2 7 5 4 3 0 3 1 7 5 5 3 0], out [2 4 1 2 7 5 4 3 1 1 5 7 5 5 3 2], delta on 8
Job 251360904821775, Program [2 4 1 2 7 5 4 3 0 3 1 7 5 5 3 0], out [2 4 1 2 7 5 4 3 1 1 5 7 5 5 3 2], delta on 8
Job 251360904907697, Program [2 4 1 2 7 5 4 3 0 3 1 7 5 5 3 0], out [2 4 1 2 7 5 4 3 1 1 5 7 5 5 3 2], delta on 8
Job 251360904952847, Program [2 4 1 2 7 5 4 3 0 3 1 7 5 5 3 0], out [2 4 1 2 7 5 4 3 1 1 5 7 5 5 3 2], delta on 8
Job 251360913144847, Program [2 4 1 2 7 5 4 3 0 3 1 7 5 5 3 0], out [2 4 1 2 7 5 4 3 1 1 5 7 5 5 3 2], delta on 8
Job 251360913210383, Program [2 4 1 2 7 5 4 3 0 3 1 7 5 5 3 0], out [2 4 1 2 7 5 4 3 1 1 5 7 5 5 3 2], delta on 8
Job 251360913341455, Program [2 4 1 2 7 5 4 3 0 3 1 7 5 5 3 0], out [2 4 1 2 7 5 4 3 1 1 5 7 5 5 3 2], delta on 8
Job 251360913734671, Program [2 4 1 2 7 5 4 3 0 3 1 7 5 5 3 0], out [2 4 1 2 7 5 4 3 1 1 5 7 5 5 3 2], delta on 8
Job 251360931298319, Program [2 4 1 2 7 5 4 3 0 3 1 7 5 5 3 0], out [2 4 1 2 7 5 4 3 6 1 5 7 5 5 3 2], delta on 8
Job 251360932871183, Program [2 4 1 2 7 5 4 3 0 3 1 7 5 5 3 0], out [2 4 1 2 7 5 4 3 6 1 5 7 5 5 3 2], delta on 8
Job 251360934968335, Program [2 4 1 2 7 5 4 3 0 3 1 7 5 5 3 0], out [2 4 1 2 7 5 4 3 6 1 5 7 5 5 3 2], delta on 8
Job 251360939162639, Program [2 4 1 2 7 5 4 3 0 3 1 7 5 5 3 0], out [2 4 1 2 7 5 4 3 6 1 5 7 5 5 3 2], delta on 8
Job 251360947289103, Program [2 4 1 2 7 5 4 3 0 3 1 7 5 5 3 0], out [2 4 1 2 7 5 4 3 6 1 5 7 5 5 3 2], delta on 8
Job 251360972192783, Program [2 4 1 2 7 5 4 3 0 3 1 7 5 5 3 0], out [2 4 1 2 7 5 4 3 5 6 5 7 5 5 3 2], delta on 8
Job 251360972323855, Program [2 4 1 2 7 5 4 3 0 3 1 7 5 5 3 0], out [2 4 1 2 7 5 4 3 5 6 5 7 5 5 3 2], delta on 8
Job 251360998407183, Program [2 4 1 2 7 5 4 3 0 3 1 7 5 5 3 0], out [2 4 1 2 7 5 4 3 3 6 5 7 5 5 3 2], delta on 8
Job 251360999980047, Program [2 4 1 2 7 5 4 3 0 3 1 7 5 5 3 0], out [2 4 1 2 7 5 4 3 3 6 5 7 5 5 3 2], delta on 8
Job 251361006271503, Program [2 4 1 2 7 5 4 3 0 3 1 7 5 5 3 0], out [2 4 1 2 7 5 4 3 3 6 5 7 5 5 3 2], delta on 8
Job 251361038973967, Program [2 4 1 2 7 5 4 3 0 3 1 7 5 5 3 0], out [2 4 1 2 7 5 4 3 1 6 5 7 5 5 3 2], delta on 8
Job 251361039039503, Program [2 4 1 2 7 5 4 3 0 3 1 7 5 5 3 0], out [2 4 1 2 7 5 4 3 1 6 5 7 5 5 3 2], delta on 8
Job 251361039125425, Program [2 4 1 2 7 5 4 3 0 3 1 7 5 5 3 0], out [2 4 1 2 7 5 4 3 1 6 5 7 5 5 3 2], delta on 8
Job 251361039170575, Program [2 4 1 2 7 5 4 3 0 3 1 7 5 5 3 0], out [2 4 1 2 7 5 4 3 1 6 5 7 5 5 3 2], delta on 8
Job 251361065516047, Program [2 4 1 2 7 5 4 3 0 3 1 7 5 5 3 0], out [2 4 1 2 7 5 4 3 6 6 5 7 5 5 3 2], delta on 8
Job 251361067088911, Program [2 4 1 2 7 5 4 3 0 3 1 7 5 5 3 0], out [2 4 1 2 7 5 4 3 6 6 5 7 5 5 3 2], delta on 8
Job 251361069186063, Program [2 4 1 2 7 5 4 3 0 3 1 7 5 5 3 0], out [2 4 1 2 7 5 4 3 6 6 5 7 5 5 3 2], delta on 8
Job 251361073380367, Program [2 4 1 2 7 5 4 3 0 3 1 7 5 5 3 0], out [2 4 1 2 7 5 4 3 6 6 5 7 5 5 3 2], delta on 8
Job 251361112964111, Program [2 4 1 2 7 5 4 3 0 3 1 7 5 5 3 0], out [2 4 1 2 7 5 4 3 6 5 5 7 5 5 3 2], delta on 8
Job 251361132624911, Program [2 4 1 2 7 5 4 3 0 3 1 7 5 5 3 0], out [2 4 1 2 7 5 4 3 7 5 5 7 5 5 3 2], delta on 8
Job 251361134197775, Program [2 4 1 2 7 5 4 3 0 3 1 7 5 5 3 0], out [2 4 1 2 7 5 4 3 7 5 5 7 5 5 3 2], delta on 8
Job 251361140489231, Program [2 4 1 2 7 5 4 3 0 3 1 7 5 5 3 0], out [2 4 1 2 7 5 4 3 7 5 5 7 5 5 3 2], delta on 8
Job 251361173191695, Program [2 4 1 2 7 5 4 3 0 3 1 7 5 5 3 0], out [2 4 1 2 7 5 4 3 1 5 5 7 5 5 3 2], delta on 8
Job 251361173257231, Program [2 4 1 2 7 5 4 3 0 3 1 7 5 5 3 0], out [2 4 1 2 7 5 4 3 1 5 5 7 5 5 3 2], delta on 8
Job 251361173343153, Program [2 4 1 2 7 5 4 3 0 3 1 7 5 5 3 0], out [2 4 1 2 7 5 4 3 1 5 5 7 5 5 3 2], delta on 8
Job 251361173388303, Program [2 4 1 2 7 5 4 3 0 3 1 7 5 5 3 0], out [2 4 1 2 7 5 4 3 1 5 5 7 5 5 3 2], delta on 8
Job 251361175288847, Program [2 4 1 2 7 5 4 3 0 3 1 7 5 5 3 0], out [2 4 1 2 7 5 4 3 1 5 5 7 5 5 3 2], delta on 8
Job 251361175354383, Program [2 4 1 2 7 5 4 3 0 3 1 7 5 5 3 0], out [2 4 1 2 7 5 4 3 1 5 5 7 5 5 3 2], delta on 8
Job 251361175419919, Program [2 4 1 2 7 5 4 3 0 3 1 7 5 5 3 0], out [2 4 1 2 7 5 4 3 1 5 5 7 5 5 3 2], delta on 8
Job 251361199733775, Program [2 4 1 2 7 5 4 3 0 3 1 7 5 5 3 0], out [2 4 1 2 7 5 4 3 6 5 5 7 5 5 3 2], delta on 8
Job 251361201306639, Program [2 4 1 2 7 5 4 3 0 3 1 7 5 5 3 0], out [2 4 1 2 7 5 4 3 6 5 5 7 5 5 3 2], delta on 8
Job 251361203403791, Program [2 4 1 2 7 5 4 3 0 3 1 7 5 5 3 0], out [2 4 1 2 7 5 4 3 6 5 5 7 5 5 3 2], delta on 8
Job 251361207598095, Program [2 4 1 2 7 5 4 3 0 3 1 7 5 5 3 0], out [2 4 1 2 7 5 4 3 6 5 5 7 5 5 3 2], delta on 8
Job 251361240628239, Program [2 4 1 2 7 5 4 3 0 3 1 7 5 5 3 0], out [2 4 1 2 7 5 4 3 7 7 5 7 5 5 3 2], delta on 8
Job 251361240759311, Program [2 4 1 2 7 5 4 3 0 3 1 7 5 5 3 0], out [2 4 1 2 7 5 4 3 7 7 5 7 5 5 3 2], delta on 8
Job 251361266842639, Program [2 4 1 2 7 5 4 3 0 3 1 7 5 5 3 0], out [2 4 1 2 7 5 4 3 3 7 5 7 5 5 3 2], delta on 8
Job 251361268415503, Program [2 4 1 2 7 5 4 3 0 3 1 7 5 5 3 0], out [2 4 1 2 7 5 4 3 3 7 5 7 5 5 3 2], delta on 8
Job 251361274706959, Program [2 4 1 2 7 5 4 3 0 3 1 7 5 5 3 0], out [2 4 1 2 7 5 4 3 3 7 5 7 5 5 3 2], delta on 8
Job 251361307409423, Program [2 4 1 2 7 5 4 3 0 3 1 7 5 5 3 0], out [2 4 1 2 7 5 4 3 1 7 5 7 5 5 3 2], delta on 8
Job 251361307474959, Program [2 4 1 2 7 5 4 3 0 3 1 7 5 5 3 0], out [2 4 1 2 7 5 4 3 1 7 5 7 5 5 3 2], delta on 8
Job 251361307560881, Program [2 4 1 2 7 5 4 3 0 3 1 7 5 5 3 0], out [2 4 1 2 7 5 4 3 1 7 5 7 5 5 3 2], delta on 8
Job 251361307606031, Program [2 4 1 2 7 5 4 3 0 3 1 7 5 5 3 0], out [2 4 1 2 7 5 4 3 1 7 5 7 5 5 3 2], delta on 8
Job 251361333951503, Program [2 4 1 2 7 5 4 3 0 3 1 7 5 5 3 0], out [2 4 1 2 7 5 4 3 6 7 5 7 5 5 3 2], delta on 8
Job 251361335524367, Program [2 4 1 2 7 5 4 3 0 3 1 7 5 5 3 0], out [2 4 1 2 7 5 4 3 6 7 5 7 5 5 3 2], delta on 8
Job 251361337621519, Program [2 4 1 2 7 5 4 3 0 3 1 7 5 5 3 0], out [2 4 1 2 7 5 4 3 6 7 5 7 5 5 3 2], delta on 8
Job 251361341815823, Program [2 4 1 2 7 5 4 3 0 3 1 7 5 5 3 0], out [2 4 1 2 7 5 4 3 6 7 5 7 5 5 3 2], delta on 8
Job 251361381399567, Program [2 4 1 2 7 5 4 3 0 3 1 7 5 5 3 0], out [2 4 1 2 7 5 4 3 0 7 5 7 5 5 3 2], delta on 9
Job 251361401060367, Program [2 4 1 2 7 5 4 3 0 3 1 7 5 5 3 0], out [2 4 1 2 7 5 4 3 7 7 5 7 5 5 3 2], delta on 8
Job 251361402633231, Program [2 4 1 2 7 5 4 3 0 3 1 7 5 5 3 0], out [2 4 1 2 7 5 4 3 7 7 5 7 5 5 3 2], delta on 8
Job 251361408924687, Program [2 4 1 2 7 5 4 3 0 3 1 7 5 5 3 0], out [2 4 1 2 7 5 4 3 7 7 5 7 5 5 3 2], delta on 8
Job 251361441627151, Program [2 4 1 2 7 5 4 3 0 3 1 7 5 5 3 0], out [2 4 1 2 7 5 4 3 1 7 5 7 5 5 3 2], delta on 8
Job 251361441692687, Program [2 4 1 2 7 5 4 3 0 3 1 7 5 5 3 0], out [2 4 1 2 7 5 4 3 1 7 5 7 5 5 3 2], delta on 8
Job 251361441778609, Program [2 4 1 2 7 5 4 3 0 3 1 7 5 5 3 0], out [2 4 1 2 7 5 4 3 1 7 5 7 5 5 3 2], delta on 8
Job 251361441823759, Program [2 4 1 2 7 5 4 3 0 3 1 7 5 5 3 0], out [2 4 1 2 7 5 4 3 1 7 5 7 5 5 3 2], delta on 8
Job 251361450015759, Program [2 4 1 2 7 5 4 3 0 3 1 7 5 5 3 0], out [2 4 1 2 7 5 4 3 1 7 5 7 5 5 3 2], delta on 8
Job 251361450081295, Program [2 4 1 2 7 5 4 3 0 3 1 7 5 5 3 0], out [2 4 1 2 7 5 4 3 1 7 5 7 5 5 3 2], delta on 8
Job 251361450212367, Program [2 4 1 2 7 5 4 3 0 3 1 7 5 5 3 0], out [2 4 1 2 7 5 4 3 1 7 5 7 5 5 3 2], delta on 8
Job 251361450605583, Program [2 4 1 2 7 5 4 3 0 3 1 7 5 5 3 0], out [2 4 1 2 7 5 4 3 1 7 5 7 5 5 3 2], delta on 8
Job 251361468169231, Program [2 4 1 2 7 5 4 3 0 3 1 7 5 5 3 0], out [2 4 1 2 7 5 4 3 7 7 5 7 5 5 3 2], delta on 8
Job 251361469742095, Program [2 4 1 2 7 5 4 3 0 3 1 7 5 5 3 0], out [2 4 1 2 7 5 4 3 7 7 5 7 5 5 3 2], delta on 8
Job 251361471839247, Program [2 4 1 2 7 5 4 3 0 3 1 7 5 5 3 0], out [2 4 1 2 7 5 4 3 7 7 5 7 5 5 3 2], delta on 8
Job 251361476033551, Program [2 4 1 2 7 5 4 3 0 3 1 7 5 5 3 0], out [2 4 1 2 7 5 4 3 7 7 5 7 5 5 3 2], delta on 8
Job 251361484160015, Program [2 4 1 2 7 5 4 3 0 3 1 7 5 5 3 0], out [2 4 1 2 7 5 4 3 7 7 5 7 5 5 3 2], delta on 8
Job 251361509063695, Program [2 4 1 2 7 5 4 3 0 3 1 7 5 5 3 0], out [2 4 1 2 7 5 4 3 1 7 5 7 5 5 3 2], delta on 8
Job 251361509194767, Program [2 4 1 2 7 5 4 3 0 3 1 7 5 5 3 0], out [2 4 1 2 7 5 4 3 1 7 5 7 5 5 3 2], delta on 8
Job 251361535278095, Program [2 4 1 2 7 5 4 3 0 3 1 7 5 5 3 0], out [2 4 1 2 7 5 4 3 3 7 5 7 5 5 3 2], delta on 8
Job 251361536850959, Program [2 4 1 2 7 5 4 3 0 3 1 7 5 5 3 0], out [2 4 1 2 7 5 4 3 3 7 5 7 5 5 3 2], delta on 8
Job 251361543142415, Program [2 4 1 2 7 5 4 3 0 3 1 7 5 5 3 0], out [2 4 1 2 7 5 4 3 3 7 5 7 5 5 3 2], delta on 8
Job 251361575844879, Program [2 4 1 2 7 5 4 3 0 3 1 7 5 5 3 0], out [2 4 1 2 7 5 4 3 1 7 5 7 5 5 3 2], delta on 8
Job 251361575910415, Program [2 4 1 2 7 5 4 3 0 3 1 7 5 5 3 0], out [2 4 1 2 7 5 4 3 1 7 5 7 5 5 3 2], delta on 8
Job 251361575996337, Program [2 4 1 2 7 5 4 3 0 3 1 7 5 5 3 0], out [2 4 1 2 7 5 4 3 1 7 5 7 5 5 3 2], delta on 8
Job 251361576041487, Program [2 4 1 2 7 5 4 3 0 3 1 7 5 5 3 0], out [2 4 1 2 7 5 4 3 1 7 5 7 5 5 3 2], delta on 8
Job 251361602386959, Program [2 4 1 2 7 5 4 3 0 3 1 7 5 5 3 0], out [2 4 1 2 7 5 4 3 7 7 5 7 5 5 3 2], delta on 8
Job 251361603959823, Program [2 4 1 2 7 5 4 3 0 3 1 7 5 5 3 0], out [2 4 1 2 7 5 4 3 7 7 5 7 5 5 3 2], delta on 8
Job 251361606056975, Program [2 4 1 2 7 5 4 3 0 3 1 7 5 5 3 0], out [2 4 1 2 7 5 4 3 7 7 5 7 5 5 3 2], delta on 8
Job 251361610251279, Program [2 4 1 2 7 5 4 3 0 3 1 7 5 5 3 0], out [2 4 1 2 7 5 4 3 7 7 5 7 5 5 3 2], delta on 8
